0	0	938502.06
0	1000000	112099.586
1000000	1000000	826855.25
0	2000000	35228.625
1000000	2000000	180845.1
2000000	2000000	746726.8
0	3000000	25352.646
1000000	3000000	32908.227
2000000	3000000	139152.89
3000000	3000000	756837.25
0	4000000	14611.744
1000000	4000000	26285.469
2000000	4000000	36542.5
3000000	4000000	147540.95
4000000	4000000	809303.75
0	5000000	16558.863
1000000	5000000	13887.18
2000000	5000000	24846.223
3000000	5000000	40497.676
4000000	5000000	112438.46
5000000	5000000	671823.56
0	6000000	17250.598
1000000	6000000	11618.187
2000000	6000000	22660.225
3000000	6000000	30169.848
4000000	6000000	33299.645
5000000	6000000	222270.77
6000000	6000000	651875.3
0	7000000	9696.795
1000000	7000000	15329.445
2000000	7000000	13668.482
3000000	7000000	14714.629
4000000	7000000	28646.604
5000000	7000000	30330.6
6000000	7000000	108125.35
7000000	7000000	814684.5
0	8000000	9488.829
1000000	8000000	9432.177
2000000	8000000	10840.088
3000000	8000000	12142.725
4000000	8000000	14302.754
5000000	8000000	20153.64
6000000	8000000	32590.559
7000000	8000000	135670.62
8000000	8000000	730651.56
0	9000000	9597.85
1000000	9000000	4847.831
2000000	9000000	8588.247
3000000	9000000	10640.164
4000000	9000000	6660.405
5000000	9000000	18368.61
6000000	9000000	24811.084
7000000	9000000	18304.848
8000000	9000000	136824.72
9000000	9000000	607745.9
0	10000000	7547.6455
1000000	10000000	3113.3262
2000000	10000000	6186.225
3000000	10000000	7879.593
4000000	10000000	3994.7095
5000000	10000000	12465.599
6000000	10000000	14791.349
7000000	10000000	7184.6143
8000000	10000000	21548.646
9000000	10000000	179453.8
10000000	10000000	585542.1
0	11000000	5507.8223
1000000	11000000	2088.4514
2000000	11000000	4177.038
3000000	11000000	5650.907
4000000	11000000	2535.7368
5000000	11000000	7912.043
6000000	11000000	8595.173
7000000	11000000	3617.5508
8000000	11000000	8385.861
9000000	11000000	28919.904
10000000	11000000	143000.39
11000000	11000000	648191.4
0	12000000	5557.657
1000000	12000000	2654.5051
2000000	12000000	4578.934
3000000	12000000	5754.2
4000000	12000000	2950.5598
5000000	12000000	7275.237
6000000	12000000	8176.311
7000000	12000000	4062.4248
8000000	12000000	9737.782
9000000	12000000	25092.498
10000000	12000000	60216.12
11000000	12000000	136129.61
12000000	12000000	681663.7
0	13000000	4562.8154
1000000	13000000	1840.5887
2000000	13000000	3463.9534
3000000	13000000	4589.704
4000000	13000000	2030.0698
5000000	13000000	5883.3657
6000000	13000000	6278.642
7000000	13000000	2499.723
8000000	13000000	5664.5884
9000000	13000000	15886.156
10000000	13000000	36643.13
11000000	13000000	76510.086
12000000	13000000	111581.836
13000000	13000000	591095.56
0	14000000	4497.6216
1000000	14000000	1706.1486
2000000	14000000	3443.638
3000000	14000000	4636.395
4000000	14000000	1879.49
5000000	14000000	5909.038
6000000	14000000	6234.2344
7000000	14000000	2399.5452
8000000	14000000	5360.629
9000000	14000000	15653.91
10000000	14000000	33192.414
11000000	14000000	63075.74
12000000	14000000	65894.586
13000000	14000000	248862.17
14000000	14000000	602310.44
0	15000000	5910.5127
1000000	15000000	2659.5115
2000000	15000000	4796.174
3000000	15000000	5817.0415
4000000	15000000	2899.4485
5000000	15000000	7533.053
6000000	15000000	8346.047
7000000	15000000	3883.629
8000000	15000000	8738.958
9000000	15000000	22024.81
10000000	15000000	32873.395
11000000	15000000	35951.965
12000000	15000000	46035.68
13000000	15000000	74968.92
14000000	15000000	117534.38
15000000	15000000	638670.8
0	16000000	5819.8003
1000000	16000000	5279.367
2000000	16000000	6011.565
3000000	16000000	6269.2075
4000000	16000000	6051.539
5000000	16000000	7488.5186
6000000	16000000	7617.818
7000000	16000000	8296.62
8000000	16000000	13411.583
9000000	16000000	15166.973
10000000	16000000	12214.12
11000000	16000000	8905.577
12000000	16000000	14699.401
13000000	16000000	11831.388
14000000	16000000	13927.631
15000000	16000000	103680.36
16000000	16000000	703053.6
0	17000000	5965.8765
1000000	17000000	5720.756
2000000	17000000	5992.6455
3000000	17000000	5758.213
4000000	17000000	6298.5225
5000000	17000000	6820.5283
6000000	17000000	7944.9053
7000000	17000000	9189.755
8000000	17000000	12075.619
9000000	17000000	12104.394
10000000	17000000	8238.403
11000000	17000000	4860.3535
12000000	17000000	7561.021
13000000	17000000	6161.1626
14000000	17000000	7174.495
15000000	17000000	21229.193
16000000	17000000	161630.92
17000000	17000000	719526.9
0	18000000	4844.8804
1000000	18000000	5599.761
2000000	18000000	5145.783
3000000	18000000	5023.644
4000000	18000000	6471.6924
5000000	18000000	5403.0674
6000000	18000000	5741.7563
7000000	18000000	8879.928
8000000	18000000	10489.432
9000000	18000000	8043.002
10000000	18000000	5195.6216
11000000	18000000	3409.5632
12000000	18000000	5170.827
13000000	18000000	3863.24
14000000	18000000	4598.39
15000000	18000000	13533.618
16000000	18000000	44363.062
17000000	18000000	136796.05
18000000	18000000	850057.1
0	19000000	5713.926
1000000	19000000	3864.0876
2000000	19000000	4840.5874
3000000	19000000	5179.8647
4000000	19000000	4214.818
5000000	19000000	6386.6016
6000000	19000000	7742.7295
7000000	19000000	5935.2925
8000000	19000000	11028.7705
9000000	19000000	15125.202
10000000	19000000	11526.668
11000000	19000000	7200.097
12000000	19000000	10129.982
13000000	19000000	8197.39
14000000	19000000	9123.125
15000000	19000000	21015.227
16000000	19000000	31353.846
17000000	19000000	40949.402
18000000	19000000	71747.27
19000000	19000000	742201.8
0	20000000	5058.0786
1000000	20000000	2945.9749
2000000	20000000	4093.4795
3000000	20000000	4433.713
4000000	20000000	3060.1892
5000000	20000000	5920.5557
6000000	20000000	6627.7266
7000000	20000000	4020.7207
8000000	20000000	8779.088
9000000	20000000	16694.572
10000000	20000000	16398.123
11000000	20000000	10820.295
12000000	20000000	14461.522
13000000	20000000	11851.786
14000000	20000000	13068.159
15000000	20000000	25514.377
16000000	20000000	23047.357
17000000	20000000	21606.635
18000000	20000000	21272.201
19000000	20000000	152065.36
20000000	20000000	690379.7
0	21000000	5432.7983
1000000	21000000	2153.0498
2000000	21000000	3723.109
3000000	21000000	4410.0938
4000000	21000000	2353.1697
5000000	21000000	5709.809
6000000	21000000	6185.2046
7000000	21000000	3071.9773
8000000	21000000	6338.3203
9000000	21000000	15452.577
10000000	21000000	24540.305
11000000	21000000	32231.703
12000000	21000000	25042.887
13000000	21000000	28573.582
14000000	21000000	29919.451
15000000	21000000	30458.611
16000000	21000000	15199.649
17000000	21000000	11408.669
18000000	21000000	10312.431
19000000	21000000	29480.215
20000000	21000000	147982.61
21000000	21000000	644071.0
0	22000000	1709.7009
1000000	22000000	513.0223
2000000	22000000	1157.011
3000000	22000000	1582.311
4000000	22000000	569.4502
5000000	22000000	2069.684
6000000	22000000	2363.931
7000000	22000000	776.2747
8000000	22000000	1748.7285
9000000	22000000	5281.74
10000000	22000000	11288.214
11000000	22000000	26654.18
12000000	22000000	11932.739
13000000	22000000	21921.127
14000000	22000000	21728.406
15000000	22000000	11204.712
16000000	22000000	3043.8284
17000000	22000000	2080.4797
18000000	22000000	1992.0859
19000000	22000000	5110.752
20000000	22000000	9013.712
21000000	22000000	130249.87
22000000	22000000	1056766.5
0	25000000	3541.7222
1000000	25000000	2076.0583
2000000	25000000	3012.1528
3000000	25000000	3607.908
4000000	25000000	2346.4841
5000000	25000000	4517.8174
6000000	25000000	4764.854
7000000	25000000	3204.2283
8000000	25000000	6534.559
9000000	25000000	12133.746
10000000	25000000	14646.186
11000000	25000000	12663.309
12000000	25000000	14839.106
13000000	25000000	10735.647
14000000	25000000	10690.012
15000000	25000000	13742.171
16000000	25000000	10024.75
17000000	25000000	6609.4062
18000000	25000000	5989.391
19000000	25000000	11254.295
20000000	25000000	17418.375
21000000	25000000	26449.764
22000000	25000000	9845.635
25000000	25000000	826344.94
0	26000000	4204.769
1000000	26000000	4313.806
2000000	26000000	4620.1543
3000000	26000000	4658.4985
4000000	26000000	4926.087
5000000	26000000	5586.4463
6000000	26000000	6070.8936
7000000	26000000	7377.6953
8000000	26000000	10612.486
9000000	26000000	11369.032
10000000	26000000	8697.929
11000000	26000000	5070.8955
12000000	26000000	7437.2305
13000000	26000000	4581.534
14000000	26000000	4955.1187
15000000	26000000	9064.475
16000000	26000000	12243.633
17000000	26000000	10988.14
18000000	26000000	10597.929
19000000	26000000	13863.847
20000000	26000000	14719.986
21000000	26000000	12685.559
22000000	26000000	3543.5078
25000000	26000000	134905.44
26000000	26000000	694315.6
0	27000000	3245.3872
1000000	27000000	5381.114
2000000	27000000	4360.574
3000000	27000000	4121.6133
4000000	27000000	6093.294
5000000	27000000	4274.078
6000000	27000000	4357.1416
7000000	27000000	8199.965
8000000	27000000	7021.272
9000000	27000000	4021.6116
10000000	27000000	2271.762
11000000	27000000	1257.6432
12000000	27000000	1921.6312
13000000	27000000	1169.7522
14000000	27000000	1245.47
15000000	27000000	2902.1619
16000000	27000000	7069.6265
17000000	27000000	8260.884
18000000	27000000	9222.161
19000000	27000000	7461.6216
20000000	27000000	5511.814
21000000	27000000	3475.4863
22000000	27000000	974.7789
25000000	27000000	15807.546
26000000	27000000	103416.984
27000000	27000000	746173.2
0	28000000	2538.3972
1000000	28000000	3489.6997
2000000	28000000	3076.9155
3000000	28000000	2983.753
4000000	28000000	3772.7632
5000000	28000000	3041.3298
6000000	28000000	2910.9346
7000000	28000000	3993.3018
8000000	28000000	3909.4268
9000000	28000000	3088.1213
10000000	28000000	1849.9885
11000000	28000000	1061.862
12000000	28000000	1640.691
13000000	28000000	1135.3152
14000000	28000000	1181.4218
15000000	28000000	2208.7495
16000000	28000000	4788.1
17000000	28000000	5225.956
18000000	28000000	5586.2915
19000000	28000000	5181.073
20000000	28000000	3952.1338
21000000	28000000	2596.755
22000000	28000000	959.95306
25000000	28000000	9501.682
26000000	28000000	22101.682
27000000	28000000	155795.69
28000000	28000000	806454.5
0	29000000	2739.7732
1000000	29000000	3615.2078
2000000	29000000	3232.5952
3000000	29000000	3152.846
4000000	29000000	3944.6184
5000000	29000000	3273.4849
6000000	29000000	3083.867
7000000	29000000	3976.3035
8000000	29000000	4056.6543
9000000	29000000	2998.092
10000000	29000000	1825.5286
11000000	29000000	1197.9442
12000000	29000000	1675.432
13000000	29000000	1144.3354
14000000	29000000	1171.6943
15000000	29000000	2313.143
16000000	29000000	4719.0107
17000000	29000000	5105.778
18000000	29000000	5326.3394
19000000	29000000	4757.2485
20000000	29000000	3633.3547
21000000	29000000	2607.793
22000000	29000000	813.1019
25000000	29000000	8438.223
26000000	29000000	17248.033
27000000	29000000	39155.8
28000000	29000000	126896.73
29000000	29000000	757241.3
0	30000000	3097.934
1000000	30000000	3590.551
2000000	30000000	3611.2263
3000000	30000000	3558.0132
4000000	30000000	3768.8965
5000000	30000000	4309.522
6000000	30000000	3998.7031
7000000	30000000	4030.1018
8000000	30000000	4723.58
9000000	30000000	4232.741
10000000	30000000	2912.8818
11000000	30000000	1667.4224
12000000	30000000	2476.3535
13000000	30000000	1688.7059
14000000	30000000	1717.9696
15000000	30000000	3497.4285
16000000	30000000	5736.6274
17000000	30000000	5446.74
18000000	30000000	5543.0522
19000000	30000000	5878.7593
20000000	30000000	5114.938
21000000	30000000	3557.4158
22000000	30000000	981.2365
25000000	30000000	10178.918
26000000	30000000	17640.953
27000000	30000000	24019.314
28000000	30000000	32080.99
29000000	30000000	170095.58
30000000	30000000	670992.06
0	31000000	3821.75
1000000	31000000	1728.3663
2000000	31000000	3311.6433
3000000	31000000	3805.8445
4000000	31000000	1930.8291
5000000	31000000	5965.2363
6000000	31000000	6498.9126
7000000	31000000	2138.6611
8000000	31000000	4041.8523
9000000	31000000	7882.427
10000000	31000000	7218.651
11000000	31000000	4981.372
12000000	31000000	4928.5757
13000000	31000000	4476.765
14000000	31000000	5028.3965
15000000	31000000	6721.1597
16000000	31000000	4328.778
17000000	31000000	4454.5293
18000000	31000000	3401.3308
19000000	31000000	6436.062
20000000	31000000	6909.1807
21000000	31000000	7022.764
22000000	31000000	2902.5632
25000000	31000000	12278.927
26000000	31000000	13040.117
27000000	31000000	8826.09
28000000	31000000	10337.17
29000000	31000000	19163.193
30000000	31000000	130993.57
31000000	31000000	649701.4
0	32000000	3829.3494
1000000	32000000	1453.2532
2000000	32000000	3049.1372
3000000	32000000	3525.5212
4000000	32000000	1648.3542
5000000	32000000	5811.703
6000000	32000000	6466.7334
7000000	32000000	1784.3691
8000000	32000000	3728.229
9000000	32000000	7788.819
10000000	32000000	7048.847
11000000	32000000	4628.0312
12000000	32000000	4639.804
13000000	32000000	4280.3193
14000000	32000000	4605.264
15000000	32000000	6354.004
16000000	32000000	3620.681
17000000	32000000	4200.6045
18000000	32000000	2823.089
19000000	32000000	6154.4946
20000000	32000000	6337.0166
21000000	32000000	6542.8794
22000000	32000000	2803.7996
25000000	32000000	10352.059
26000000	32000000	10194.318
27000000	32000000	6335.0347
28000000	32000000	6731.7803
29000000	32000000	11168.78
30000000	32000000	27306.22
31000000	32000000	173312.42
32000000	32000000	644511.06
0	33000000	3398.0635
1000000	33000000	2543.123
2000000	33000000	3357.7014
3000000	33000000	3419.7942
4000000	33000000	2809.5837
5000000	33000000	4661.631
6000000	33000000	4954.618
7000000	33000000	3062.3809
8000000	33000000	4407.9575
9000000	33000000	5441.144
10000000	33000000	4005.765
11000000	33000000	2502.0068
12000000	33000000	3094.4485
13000000	33000000	2392.325
14000000	33000000	2407.4878
15000000	33000000	4074.0369
16000000	33000000	4721.1675
17000000	33000000	4633.936
18000000	33000000	3980.1853
19000000	33000000	5502.194
20000000	33000000	5211.8003
21000000	33000000	4388.7256
22000000	33000000	1315.9705
25000000	33000000	8058.481
26000000	33000000	10138.73
27000000	33000000	8733.024
28000000	33000000	8865.564
29000000	33000000	12847.082
30000000	33000000	25991.97
31000000	33000000	55573.37
32000000	33000000	174874.97
33000000	33000000	654032.6
0	34000000	2807.1602
1000000	34000000	3019.363
2000000	34000000	3288.1501
3000000	34000000	3072.2185
4000000	34000000	3131.7124
5000000	34000000	3468.247
6000000	34000000	3568.803
7000000	34000000	3408.8801
8000000	34000000	4216.7827
9000000	34000000	3390.1467
10000000	34000000	2085.9941
11000000	34000000	1207.8475
12000000	34000000	1652.6075
13000000	34000000	1095.7938
14000000	34000000	1197.1838
15000000	34000000	2416.0642
16000000	34000000	4185.6343
17000000	34000000	4479.8247
18000000	34000000	4119.24
19000000	34000000	4315.829
20000000	34000000	3322.0642
21000000	34000000	2321.0637
22000000	34000000	650.4719
25000000	34000000	5247.4453
26000000	34000000	7967.5874
27000000	34000000	9267.064
28000000	34000000	8995.3955
29000000	34000000	12090.629
30000000	34000000	19997.395
31000000	34000000	21520.973
32000000	34000000	35955.094
33000000	34000000	137719.95
34000000	34000000	726837.9
0	35000000	3462.198
1000000	35000000	3308.3796
2000000	35000000	3572.5027
3000000	35000000	3426.7944
4000000	35000000	3610.006
5000000	35000000	4031.6162
6000000	35000000	4047.8928
7000000	35000000	3389.8135
8000000	35000000	3839.7344
9000000	35000000	3439.3835
10000000	35000000	2142.4617
11000000	35000000	1175.9121
12000000	35000000	1628.8612
13000000	35000000	1247.3916
14000000	35000000	1261.7256
15000000	35000000	2441.2375
16000000	35000000	3972.6516
17000000	35000000	4771.5254
18000000	35000000	4195.7466
19000000	35000000	4552.0996
20000000	35000000	3381.9622
21000000	35000000	2146.801
22000000	35000000	699.9008
25000000	35000000	4347.5786
26000000	35000000	7446.0386
27000000	35000000	10007.368
28000000	35000000	9485.01
29000000	35000000	12150.122
30000000	35000000	16901.438
31000000	35000000	18890.703
32000000	35000000	23806.803
33000000	35000000	34723.883
34000000	35000000	152606.36
35000000	35000000	703134.2
0	36000000	3009.412
1000000	36000000	4310.3354
2000000	36000000	3602.5044
3000000	36000000	3344.97
4000000	36000000	4497.265
5000000	36000000	3196.0352
6000000	36000000	3179.4695
7000000	36000000	4876.948
8000000	36000000	3911.1565
9000000	36000000	2250.8079
10000000	36000000	1369.6085
11000000	36000000	846.5406
12000000	36000000	1070.8956
13000000	36000000	731.9187
14000000	36000000	796.0848
15000000	36000000	1432.2352
16000000	36000000	3474.5623
17000000	36000000	4319.0825
18000000	36000000	4266.0176
19000000	36000000	3310.6226
20000000	36000000	2318.5415
21000000	36000000	1447.5503
22000000	36000000	370.64944
25000000	36000000	3444.9304
26000000	36000000	6548.761
27000000	36000000	10062.727
28000000	36000000	8634.903
29000000	36000000	9847.875
30000000	36000000	11679.879
31000000	36000000	8189.7534
32000000	36000000	8814.733
33000000	36000000	15864.555
34000000	36000000	34755.473
35000000	36000000	127656.36
36000000	36000000	758810.3
0	37000000	3157.7659
1000000	37000000	4312.3564
2000000	37000000	3795.389
3000000	37000000	3469.5928
4000000	37000000	4581.836
5000000	37000000	3436.8523
6000000	37000000	3232.8538
7000000	37000000	4747.6777
8000000	37000000	3958.3982
9000000	37000000	2247.9797
10000000	37000000	1418.399
11000000	37000000	870.09045
12000000	37000000	1128.4615
13000000	37000000	839.61316
14000000	37000000	797.59906
15000000	37000000	1583.9443
16000000	37000000	3503.6775
17000000	37000000	4093.6482
18000000	37000000	4352.866
19000000	37000000	3285.062
20000000	37000000	2309.0352
21000000	37000000	1573.9619
22000000	37000000	476.95566
25000000	37000000	3409.9426
26000000	37000000	6322.473
27000000	37000000	9638.886
28000000	37000000	8299.545
29000000	37000000	9355.038
30000000	37000000	10515.992
31000000	37000000	6889.122
32000000	37000000	7155.6646
33000000	37000000	11917.047
34000000	37000000	18218.176
35000000	37000000	32062.977
36000000	37000000	143740.6
37000000	37000000	728055.0
0	38000000	2686.6133
1000000	38000000	3812.6094
2000000	38000000	3464.7239
3000000	38000000	3456.6936
4000000	38000000	3863.49
5000000	38000000	3396.2888
6000000	38000000	3179.2659
7000000	38000000	4263.696
8000000	38000000	3989.989
9000000	38000000	2547.0383
10000000	38000000	1675.5955
11000000	38000000	989.6128
12000000	38000000	1467.7073
13000000	38000000	951.6888
14000000	38000000	1041.0808
15000000	38000000	1936.2308
16000000	38000000	3631.563
17000000	38000000	3620.7341
18000000	38000000	3788.8682
19000000	38000000	3111.6753
20000000	38000000	2450.4868
21000000	38000000	1908.3027
22000000	38000000	458.027
25000000	38000000	4126.7954
26000000	38000000	6092.6304
27000000	38000000	7313.35
28000000	38000000	6156.927
29000000	38000000	7226.806
30000000	38000000	9046.208
31000000	38000000	6829.6807
32000000	38000000	6801.8394
33000000	38000000	10678.622
34000000	38000000	13103.145
35000000	38000000	15989.936
36000000	38000000	27691.303
37000000	38000000	143915.14
38000000	38000000	741440.94
0	39000000	4203.623
1000000	39000000	2613.253
2000000	39000000	3874.2375
3000000	39000000	4227.083
4000000	39000000	2727.273
5000000	39000000	5507.41
6000000	39000000	6339.191
7000000	39000000	3217.154
8000000	39000000	4208.6416
9000000	39000000	4882.4087
10000000	39000000	3720.542
11000000	39000000	2493.8027
12000000	39000000	2755.8557
13000000	39000000	2499.4253
14000000	39000000	2419.3225
15000000	39000000	3556.022
16000000	39000000	3475.5698
17000000	39000000	3987.6536
18000000	39000000	3178.6624
19000000	39000000	4313.7134
20000000	39000000	3688.311
21000000	39000000	3424.2888
22000000	39000000	1489.9708
25000000	39000000	4883.5093
26000000	39000000	6251.1235
27000000	39000000	5439.6465
28000000	39000000	4813.9785
29000000	39000000	5985.8706
30000000	39000000	8036.7744
31000000	39000000	15895.281
32000000	39000000	17444.188
33000000	39000000	13325.265
34000000	39000000	11057.942
35000000	39000000	15765.745
36000000	39000000	15212.073
37000000	39000000	28302.775
38000000	39000000	154043.64
39000000	39000000	733942.8
0	40000000	2820.2966
1000000	40000000	5300.306
2000000	40000000	4053.268
3000000	40000000	3656.0266
4000000	40000000	5561.889
5000000	40000000	3569.1875
6000000	40000000	2866.836
7000000	40000000	6119.291
8000000	40000000	4327.1797
9000000	40000000	1970.8142
10000000	40000000	1201.33
11000000	40000000	717.5698
12000000	40000000	1125.058
13000000	40000000	673.3704
14000000	40000000	679.56757
15000000	40000000	1427.064
16000000	40000000	3753.288
17000000	40000000	4089.1982
18000000	40000000	4973.3486
19000000	40000000	3104.8154
20000000	40000000	2128.7317
21000000	40000000	1432.459
22000000	40000000	376.30362
25000000	40000000	3429.0269
26000000	40000000	6652.5557
27000000	40000000	9053.922
28000000	40000000	6469.046
29000000	40000000	7135.4136
30000000	40000000	7687.0444
31000000	40000000	3886.56
32000000	40000000	3549.0525
33000000	40000000	6884.23
34000000	40000000	8760.437
35000000	40000000	10849.008
36000000	40000000	16951.03
37000000	40000000	25527.258
38000000	40000000	38835.797
39000000	40000000	89881.414
40000000	40000000	794940.06
0	41000000	4301.1543
1000000	41000000	4241.175
2000000	41000000	4122.335
3000000	41000000	4033.7122
4000000	41000000	4752.1484
5000000	41000000	4556.8545
6000000	41000000	4637.673
7000000	41000000	5204.097
8000000	41000000	4864.9683
9000000	41000000	3300.8013
10000000	41000000	2502.7795
11000000	41000000	1988.8135
12000000	41000000	2477.9302
13000000	41000000	1813.607
14000000	41000000	1714.1702
15000000	41000000	2636.2036
16000000	41000000	4466.877
17000000	41000000	4782.0063
18000000	41000000	6116.506
19000000	41000000	5483.3037
20000000	41000000	3590.9233
21000000	41000000	3332.4375
22000000	41000000	1152.4014
25000000	41000000	5417.4326
26000000	41000000	7318.281
27000000	41000000	7558.7026
28000000	41000000	5999.5635
29000000	41000000	6588.8843
30000000	41000000	7499.855
31000000	41000000	6585.9375
32000000	41000000	6503.743
33000000	41000000	8233.391
34000000	41000000	8527.58
35000000	41000000	10792.189
36000000	41000000	12553.951
37000000	41000000	16483.172
38000000	41000000	18114.92
39000000	41000000	28155.701
40000000	41000000	131205.7
41000000	41000000	723562.5
0	42000000	3460.777
1000000	42000000	4731.19
2000000	42000000	4068.4207
3000000	42000000	3651.2063
4000000	42000000	5018.249
5000000	42000000	3571.0474
6000000	42000000	3805.1133
7000000	42000000	5643.9
8000000	42000000	4254.693
9000000	42000000	2359.4468
10000000	42000000	1348.1351
11000000	42000000	826.86255
12000000	42000000	1188.4663
13000000	42000000	814.7311
14000000	42000000	814.7604
15000000	42000000	1569.0436
16000000	42000000	3503.6726
17000000	42000000	4410.3203
18000000	42000000	4719.078
19000000	42000000	3580.9062
20000000	42000000	2282.955
21000000	42000000	1531.6553
22000000	42000000	382.89313
25000000	42000000	2940.0364
26000000	42000000	5976.4365
27000000	42000000	7910.848
28000000	42000000	6151.33
29000000	42000000	6481.557
30000000	42000000	6741.7524
31000000	42000000	4489.9487
32000000	42000000	4423.741
33000000	42000000	6295.062
34000000	42000000	7246.576
35000000	42000000	9395.321
36000000	42000000	11940.334
37000000	42000000	13742.044
38000000	42000000	12640.473
39000000	42000000	14493.29
40000000	42000000	30721.734
41000000	42000000	115229.22
42000000	42000000	734925.56
0	43000000	3085.1135
1000000	43000000	3453.2393
2000000	43000000	3315.6677
3000000	43000000	3399.9917
4000000	43000000	3646.2417
5000000	43000000	3493.106
6000000	43000000	3774.6023
7000000	43000000	4057.0776
8000000	43000000	3422.961
9000000	43000000	2399.382
10000000	43000000	1580.2491
11000000	43000000	836.28046
12000000	43000000	1191.749
13000000	43000000	866.96265
14000000	43000000	878.16644
15000000	43000000	1542.8029
16000000	43000000	3004.4204
17000000	43000000	3623.8596
18000000	43000000	3569.7905
19000000	43000000	3136.5361
20000000	43000000	2278.2512
21000000	43000000	1544.3447
22000000	43000000	483.14987
25000000	43000000	2532.9795
26000000	43000000	4624.6055
27000000	43000000	5900.1123
28000000	43000000	4737.1206
29000000	43000000	5470.855
30000000	43000000	5692.8804
31000000	43000000	5422.636
32000000	43000000	5722.3276
33000000	43000000	6068.5464
34000000	43000000	6432.4453
35000000	43000000	8285.465
36000000	43000000	9137.933
37000000	43000000	9602.53
38000000	43000000	9379.671
39000000	43000000	12516.328
40000000	43000000	15804.461
41000000	43000000	27672.736
42000000	43000000	147090.73
43000000	43000000	756568.94
0	44000000	2615.6453
1000000	44000000	2630.691
2000000	44000000	2746.6826
3000000	44000000	2827.2441
4000000	44000000	2764.2693
5000000	44000000	2866.456
6000000	44000000	2995.4678
7000000	44000000	2646.2573
8000000	44000000	2606.3328
9000000	44000000	2404.0303
10000000	44000000	1525.035
11000000	44000000	789.1329
12000000	44000000	1239.1149
13000000	44000000	867.3511
14000000	44000000	813.6955
15000000	44000000	1524.9702
16000000	44000000	2840.6445
17000000	44000000	3202.8289
18000000	44000000	3260.5667
19000000	44000000	3478.8228
20000000	44000000	2393.1172
21000000	44000000	1520.3152
22000000	44000000	445.3816
25000000	44000000	2456.619
26000000	44000000	4093.9915
27000000	44000000	5086.6836
28000000	44000000	5153.9023
29000000	44000000	5547.6636
30000000	44000000	6000.7964
31000000	44000000	5148.4663
32000000	44000000	5161.969
33000000	44000000	5807.3076
34000000	44000000	6335.8574
35000000	44000000	8298.404
36000000	44000000	7892.2866
37000000	44000000	7984.2544
38000000	44000000	7352.4243
39000000	44000000	9597.885
40000000	44000000	9757.417
41000000	44000000	16747.65
42000000	44000000	30683.457
43000000	44000000	125745.67
44000000	44000000	812091.06
0	45000000	2276.0315
1000000	45000000	3129.995
2000000	45000000	2716.9248
3000000	45000000	2606.2063
4000000	45000000	3338.2224
5000000	45000000	2640.216
6000000	45000000	2451.3706
7000000	45000000	3268.8323
8000000	45000000	2844.9
9000000	45000000	1876.5724
10000000	45000000	1082.6222
11000000	45000000	688.2321
12000000	45000000	1041.4528
13000000	45000000	710.5721
14000000	45000000	684.7605
15000000	45000000	1351.3817
16000000	45000000	3008.9238
17000000	45000000	3248.1194
18000000	45000000	3419.0037
19000000	45000000	2813.7695
20000000	45000000	2120.3044
21000000	45000000	1217.6947
22000000	45000000	366.77655
25000000	45000000	2276.7344
26000000	45000000	4354.937
27000000	45000000	6471.374
28000000	45000000	5641.2856
29000000	45000000	6151.674
30000000	45000000	6453.0737
31000000	45000000	3620.5405
32000000	45000000	3464.3545
33000000	45000000	4924.697
34000000	45000000	5939.631
35000000	45000000	7671.3433
36000000	45000000	7769.89
37000000	45000000	8142.2324
38000000	45000000	7411.1196
39000000	45000000	6823.505
40000000	45000000	10348.035
41000000	45000000	13571.724
42000000	45000000	20772.94
43000000	45000000	30878.25
44000000	45000000	107082.45
45000000	45000000	800761.2
0	46000000	1978.9137
1000000	46000000	2675.6494
2000000	46000000	2411.6448
3000000	46000000	2216.3018
4000000	46000000	2767.5396
5000000	46000000	2311.1948
6000000	46000000	2418.7852
7000000	46000000	3132.8845
8000000	46000000	2858.3271
9000000	46000000	2149.9321
10000000	46000000	1365.1089
11000000	46000000	688.6313
12000000	46000000	1060.018
13000000	46000000	682.02795
14000000	46000000	666.5103
15000000	46000000	1234.1694
16000000	46000000	2798.328
17000000	46000000	3307.4453
18000000	46000000	3323.4712
19000000	46000000	3107.9343
20000000	46000000	2418.6492
21000000	46000000	1339.7222
22000000	46000000	250.02109
25000000	46000000	2272.4507
26000000	46000000	4188.2056
27000000	46000000	5325.84
28000000	46000000	5070.897
29000000	46000000	5263.6514
30000000	46000000	5067.1406
31000000	46000000	3526.8323
32000000	46000000	3406.2012
33000000	46000000	4627.836
34000000	46000000	5276.5073
35000000	46000000	6136.2935
36000000	46000000	6274.5176
37000000	46000000	6602.4277
38000000	46000000	6329.492
39000000	46000000	5824.585
40000000	46000000	8122.4346
41000000	46000000	9699.654
42000000	46000000	13158.012
43000000	46000000	14747.935
44000000	46000000	22985.668
45000000	46000000	125307.125
46000000	46000000	817391.44
0	47000000	2694.7212
1000000	47000000	3218.952
2000000	47000000	2751.093
3000000	47000000	2686.2202
4000000	47000000	3315.653
5000000	47000000	2885.8484
6000000	47000000	3162.2869
7000000	47000000	3944.23
8000000	47000000	3784.5425
9000000	47000000	2618.0266
10000000	47000000	1491.9893
11000000	47000000	832.369
12000000	47000000	1225.6783
13000000	47000000	736.35175
14000000	47000000	781.64966
15000000	47000000	1567.241
16000000	47000000	3755.993
17000000	47000000	4485.464
18000000	47000000	4291.4155
19000000	47000000	3842.2036
20000000	47000000	2549.3809
21000000	47000000	1508.2173
22000000	47000000	410.5995
25000000	47000000	2645.279
26000000	47000000	5441.6265
27000000	47000000	7062.7393
28000000	47000000	5630.543
29000000	47000000	5649.1665
30000000	47000000	5759.3496
31000000	47000000	3989.4897
32000000	47000000	3951.124
33000000	47000000	5034.3193
34000000	47000000	5587.8755
35000000	47000000	6664.805
36000000	47000000	6854.945
37000000	47000000	7272.5684
38000000	47000000	6262.4487
39000000	47000000	7255.1157
40000000	47000000	8241.62
41000000	47000000	11182.054
42000000	47000000	14102.588
43000000	47000000	15310.161
44000000	47000000	19471.021
45000000	47000000	37958.344
46000000	47000000	136622.94
47000000	47000000	739977.44
0	48000000	2890.9612
1000000	48000000	3429.0498
2000000	48000000	2939.431
3000000	48000000	2708.7961
4000000	48000000	3623.3196
5000000	48000000	2952.929
6000000	48000000	3106.9985
7000000	48000000	4491.836
8000000	48000000	5064.717
9000000	48000000	3882.6125
10000000	48000000	2369.1365
11000000	48000000	1150.0251
12000000	48000000	1803.3456
13000000	48000000	1129.6432
14000000	48000000	1118.7507
15000000	48000000	2679.1133
16000000	48000000	5741.4893
17000000	48000000	6346.168
18000000	48000000	6051.186
19000000	48000000	5800.5874
20000000	48000000	4327.0737
21000000	48000000	2735.6023
22000000	48000000	471.7491
25000000	48000000	4870.1343
26000000	48000000	8896.737
27000000	48000000	8848.574
28000000	48000000	6114.732
29000000	48000000	5857.056
30000000	48000000	6437.0703
31000000	48000000	4203.267
32000000	48000000	4012.8413
33000000	48000000	5459.4673
34000000	48000000	5975.5415
35000000	48000000	6615.4453
36000000	48000000	6657.8516
37000000	48000000	6966.028
38000000	48000000	6155.8213
39000000	48000000	6368.5854
40000000	48000000	8546.474
41000000	48000000	10586.462
42000000	48000000	12738.21
43000000	48000000	12736.228
44000000	48000000	15223.949
45000000	48000000	20976.453
46000000	48000000	29749.363
47000000	48000000	139299.81
48000000	48000000	693049.06
0	49000000	2377.512
1000000	49000000	1510.153
2000000	49000000	2164.5107
3000000	49000000	2332.4297
4000000	49000000	1566.209
5000000	49000000	3121.4429
6000000	49000000	3097.405
7000000	49000000	1890.72
8000000	49000000	3417.5083
9000000	49000000	6635.217
10000000	49000000	8065.572
11000000	49000000	6340.626
12000000	49000000	6893.0537
13000000	49000000	5760.695
14000000	49000000	5961.0146
15000000	49000000	8340.649
16000000	49000000	5336.0376
17000000	49000000	4007.3757
18000000	49000000	3311.1772
19000000	49000000	5566.5205
20000000	49000000	7388.537
21000000	49000000	8729.518
22000000	49000000	2915.3748
25000000	49000000	9542.71
26000000	49000000	8320.081
27000000	49000000	3983.7322
28000000	49000000	3160.3145
29000000	49000000	3199.9824
30000000	49000000	4472.8276
31000000	49000000	7172.758
32000000	49000000	7270.412
33000000	49000000	5799.98
34000000	49000000	3776.2737
35000000	49000000	4246.215
36000000	49000000	3080.6836
37000000	49000000	3533.9072
38000000	49000000	3923.1355
39000000	49000000	6538.227
40000000	49000000	4322.7
41000000	49000000	6871.186
42000000	49000000	5861.0054
43000000	49000000	6084.593
44000000	49000000	7489.1045
45000000	49000000	8356.588
46000000	49000000	9626.539
47000000	49000000	14979.806
48000000	49000000	111646.914
49000000	49000000	600845.94
0	50000000	1479.2444
1000000	50000000	428.6518
2000000	50000000	1008.5835
3000000	50000000	1510.0355
4000000	50000000	422.1285
5000000	50000000	2008.5878
6000000	50000000	2102.9978
7000000	50000000	544.99774
8000000	50000000	1251.8177
9000000	50000000	4392.9146
10000000	50000000	8313.596
11000000	50000000	13694.662
12000000	50000000	8396.272
13000000	50000000	12223.331
14000000	50000000	12324.096
15000000	50000000	7780.739
16000000	50000000	1769.3345
17000000	50000000	1229.1953
18000000	50000000	801.5542
19000000	50000000	2546.1096
20000000	50000000	4085.0452
21000000	50000000	10917.306
22000000	50000000	9573.341
25000000	50000000	6966.459
26000000	50000000	3423.4834
27000000	50000000	952.1695
28000000	50000000	983.99963
29000000	50000000	1033.181
30000000	50000000	1524.042
31000000	50000000	5668.774
32000000	50000000	5703.6357
33000000	50000000	2754.5652
34000000	50000000	1385.4164
35000000	50000000	1775.1522
36000000	50000000	1157.3497
37000000	50000000	1355.605
38000000	50000000	1708.3973
39000000	50000000	4599.7344
40000000	50000000	1365.0552
41000000	50000000	3549.3088
42000000	50000000	2202.2148
43000000	50000000	2739.3662
44000000	50000000	2907.6187
45000000	50000000	2721.8901
46000000	50000000	3042.622
47000000	50000000	4666.592
48000000	50000000	7770.921
49000000	50000000	111737.3
50000000	50000000	614693.3
0	51000000	1101.6279
1000000	51000000	349.18692
2000000	51000000	768.2047
3000000	51000000	1294.5392
4000000	51000000	391.61194
5000000	51000000	1489.2332
6000000	51000000	1538.8868
7000000	51000000	410.10532
8000000	51000000	1078.3903
9000000	51000000	3257.241
10000000	51000000	7017.627
11000000	51000000	14182.02
12000000	51000000	7950.8003
13000000	51000000	13206.8125
14000000	51000000	13026.96
15000000	51000000	6629.756
16000000	51000000	1484.601
17000000	51000000	953.8976
18000000	51000000	653.66437
19000000	51000000	1865.2264
20000000	51000000	2980.3115
21000000	51000000	10592.312
22000000	51000000	12730.802
25000000	51000000	5860.926
26000000	51000000	2569.3247
27000000	51000000	752.2045
28000000	51000000	781.3841
29000000	51000000	892.77686
30000000	51000000	1284.2932
31000000	51000000	4159.5347
32000000	51000000	3990.2231
33000000	51000000	2048.805
34000000	51000000	1138.9587
35000000	51000000	1360.8295
36000000	51000000	905.71954
37000000	51000000	1166.5638
38000000	51000000	1398.0516
39000000	51000000	3500.7603
40000000	51000000	1221.7251
41000000	51000000	3034.502
42000000	51000000	1729.7301
43000000	51000000	2178.169
44000000	51000000	2292.2717
45000000	51000000	1996.8909
46000000	51000000	2210.9714
47000000	51000000	3245.9248
48000000	51000000	4752.277
49000000	51000000	41870.855
50000000	51000000	189704.05
51000000	51000000	645044.56
0	52000000	1323.1285
1000000	52000000	386.06296
2000000	52000000	868.1133
3000000	52000000	1297.8972
4000000	52000000	398.2633
5000000	52000000	1648.2823
6000000	52000000	1706.3373
7000000	52000000	475.07596
8000000	52000000	1140.5029
9000000	52000000	3834.3396
10000000	52000000	7687.7207
11000000	52000000	13709.92
12000000	52000000	8440.357
13000000	52000000	12385.553
14000000	52000000	12217.387
15000000	52000000	7256.402
16000000	52000000	1663.8331
17000000	52000000	1070.5643
18000000	52000000	769.05396
19000000	52000000	2279.2551
20000000	52000000	3379.252
21000000	52000000	10363.013
22000000	52000000	10960.292
25000000	52000000	6500.332
26000000	52000000	2941.514
27000000	52000000	819.77734
28000000	52000000	863.8754
29000000	52000000	962.47943
30000000	52000000	1396.0916
31000000	52000000	4511.349
32000000	52000000	4527.6465
33000000	52000000	2289.486
34000000	52000000	1216.8816
35000000	52000000	1479.7595
36000000	52000000	978.31415
37000000	52000000	1142.568
38000000	52000000	1408.5823
39000000	52000000	3685.7878
40000000	52000000	1229.4092
41000000	52000000	3059.9219
42000000	52000000	1810.8141
43000000	52000000	2109.54
44000000	52000000	2112.5334
45000000	52000000	1826.1212
46000000	52000000	2076.8594
47000000	52000000	2809.8152
48000000	52000000	4931.704
49000000	52000000	49240.363
50000000	52000000	129524.61
51000000	52000000	205993.95
52000000	52000000	614094.25
0	53000000	1854.7146
1000000	53000000	1036.0223
2000000	53000000	1595.04
3000000	53000000	1797.3751
4000000	53000000	986.9
5000000	53000000	2162.834
6000000	53000000	2393.2578
7000000	53000000	1226.0387
8000000	53000000	2782.549
9000000	53000000	6255.7744
10000000	53000000	7108.1323
11000000	53000000	5040.4424
12000000	53000000	6674.1143
13000000	53000000	5052.922
14000000	53000000	5230.031
15000000	53000000	6804.0923
16000000	53000000	3949.87
17000000	53000000	2831.417
18000000	53000000	2093.711
19000000	53000000	4500.294
20000000	53000000	6896.4585
21000000	53000000	7654.034
22000000	53000000	2311.9124
25000000	53000000	9974.978
26000000	53000000	6301.5986
27000000	53000000	2256.2175
28000000	53000000	2036.2719
29000000	53000000	2113.5168
30000000	53000000	3104.2974
31000000	53000000	6011.239
32000000	53000000	5827.455
33000000	53000000	4343.2983
34000000	53000000	2503.6055
35000000	53000000	2675.1216
36000000	53000000	1811.1652
37000000	53000000	2043.3706
38000000	53000000	2695.2166
39000000	53000000	4606.849
40000000	53000000	2190.9346
41000000	53000000	4061.591
42000000	53000000	2932.5024
43000000	53000000	3291.6208
44000000	53000000	3716.5352
45000000	53000000	3387.4067
46000000	53000000	4407.0425
47000000	53000000	4970.388
48000000	53000000	10605.724
49000000	53000000	47831.215
50000000	53000000	40874.88
51000000	53000000	38876.266
52000000	53000000	92343.08
53000000	53000000	671343.8
0	54000000	1882.0243
1000000	54000000	967.46326
2000000	54000000	1679.0317
3000000	54000000	1896.2074
4000000	54000000	993.86664
5000000	54000000	2727.8218
6000000	54000000	3061.2832
7000000	54000000	1223.7964
8000000	54000000	2690.766
9000000	54000000	6628.406
10000000	54000000	7580.709
11000000	54000000	5501.9595
12000000	54000000	5828.39
13000000	54000000	5276.676
14000000	54000000	5546.1514
15000000	54000000	6981.946
16000000	54000000	3359.6328
17000000	54000000	2926.5962
18000000	54000000	2002.6667
19000000	54000000	4792.1733
20000000	54000000	6303.418
21000000	54000000	6953.2188
22000000	54000000	2848.6082
25000000	54000000	7283.7183
26000000	54000000	5884.3
27000000	54000000	2036.8042
28000000	54000000	1807.7694
29000000	54000000	2079.3018
30000000	54000000	2958.9905
31000000	54000000	8035.4497
32000000	54000000	8128.122
33000000	54000000	4769.697
34000000	54000000	2727.1082
35000000	54000000	3100.6624
36000000	54000000	1954.8323
37000000	54000000	2132.9907
38000000	54000000	2532.7078
39000000	54000000	5671.304
40000000	54000000	2007.66
41000000	54000000	3777.282
42000000	54000000	2774.7097
43000000	54000000	3517.8743
44000000	54000000	3727.4736
45000000	54000000	3264.7737
46000000	54000000	3648.8982
47000000	54000000	4984.9756
48000000	54000000	9412.699
49000000	54000000	32149.965
50000000	54000000	29019.613
51000000	54000000	25843.174
52000000	54000000	38426.82
53000000	54000000	130033.95
54000000	54000000	651530.1
0	55000000	1743.2532
1000000	55000000	1656.3115
2000000	55000000	1902.5259
3000000	55000000	1995.308
4000000	55000000	1719.1674
5000000	55000000	2144.7024
6000000	55000000	2423.7722
7000000	55000000	2214.4336
8000000	55000000	3487.554
9000000	55000000	4683.4976
10000000	55000000	3410.278
11000000	55000000	1560.9454
12000000	55000000	2632.153
13000000	55000000	1572.2251
14000000	55000000	1592.2181
15000000	55000000	3173.074
16000000	55000000	4122.8784
17000000	55000000	3949.9792
18000000	55000000	3589.639
19000000	55000000	5458.9185
20000000	55000000	5149.9136
21000000	55000000	3129.3376
22000000	55000000	522.5156
25000000	55000000	4643.5312
26000000	55000000	6283.009
27000000	55000000	3990.9004
28000000	55000000	3361.0977
29000000	55000000	3415.698
30000000	55000000	4275.845
31000000	55000000	4406.876
32000000	55000000	4412.709
33000000	55000000	4447.511
34000000	55000000	3991.3025
35000000	55000000	4079.1865
36000000	55000000	3333.8704
37000000	55000000	3266.3293
38000000	55000000	3425.607
39000000	55000000	4206.9067
40000000	55000000	3318.114
41000000	55000000	4188.46
42000000	55000000	4164.776
43000000	55000000	4016.6184
44000000	55000000	4490.3145
45000000	55000000	4670.8433
46000000	55000000	5329.0127
47000000	55000000	7382.543
48000000	55000000	14194.7295
49000000	55000000	15714.402
50000000	55000000	6165.817
51000000	55000000	5272.217
52000000	55000000	7365.1963
53000000	55000000	29590.115
54000000	55000000	105024.586
55000000	55000000	718515.44
0	56000000	2137.5928
1000000	56000000	2413.8987
2000000	56000000	2427.4421
3000000	56000000	2209.1577
4000000	56000000	2594.159
5000000	56000000	2415.399
6000000	56000000	2639.7036
7000000	56000000	3464.7502
8000000	56000000	4359.3833
9000000	56000000	3364.5728
10000000	56000000	1926.2571
11000000	56000000	1068.928
12000000	56000000	1580.24
13000000	56000000	976.44147
14000000	56000000	975.1972
15000000	56000000	2115.241
16000000	56000000	4086.2554
17000000	56000000	4358.4175
18000000	56000000	4514.073
19000000	56000000	4701.1475
20000000	56000000	3292.4302
21000000	56000000	1941.3903
22000000	56000000	443.19968
25000000	56000000	3311.5173
26000000	56000000	6191.917
27000000	56000000	5821.079
28000000	56000000	4040.238
29000000	56000000	4147.166
30000000	56000000	4616.7104
31000000	56000000	3380.0918
32000000	56000000	3140.1274
33000000	56000000	4111.4272
34000000	56000000	4192.4956
35000000	56000000	4376.709
36000000	56000000	4364.6167
37000000	56000000	4458.6743
38000000	56000000	4233.842
39000000	56000000	4460.78
40000000	56000000	4583.221
41000000	56000000	5707.0415
42000000	56000000	5401.226
43000000	56000000	5084.1045
44000000	56000000	5150.002
45000000	56000000	6125.4873
46000000	56000000	6371.5503
47000000	56000000	9236.201
48000000	56000000	13924.1455
49000000	56000000	9401.232
50000000	56000000	3964.4739
51000000	56000000	3703.031
52000000	56000000	4756.5396
53000000	56000000	13020.7
54000000	56000000	26463.383
55000000	56000000	157862.39
56000000	56000000	684708.06
0	57000000	2007.8962
1000000	57000000	2662.808
2000000	57000000	2335.4219
3000000	57000000	2154.6536
4000000	57000000	2617.4866
5000000	57000000	2269.4875
6000000	57000000	2059.2285
7000000	57000000	2994.3997
8000000	57000000	3389.7314
9000000	57000000	2472.8828
10000000	57000000	1330.0199
11000000	57000000	785.3432
12000000	57000000	1260.7823
13000000	57000000	728.94507
14000000	57000000	809.3799
15000000	57000000	1688.1482
16000000	57000000	3775.5605
17000000	57000000	3792.4778
18000000	57000000	4038.7354
19000000	57000000	3441.5374
20000000	57000000	2612.117
21000000	57000000	1554.4666
22000000	57000000	257.85663
25000000	57000000	2888.743
26000000	57000000	5248.894
27000000	57000000	6307.7783
28000000	57000000	5409.643
29000000	57000000	5345.3774
30000000	57000000	5448.653
31000000	57000000	2656.2522
32000000	57000000	2127.8743
33000000	57000000	3743.6833
34000000	57000000	4277.5186
35000000	57000000	5054.504
36000000	57000000	4700.1235
37000000	57000000	5206.767
38000000	57000000	4652.1753
39000000	57000000	3470.7832
40000000	57000000	5183.191
41000000	57000000	5141.017
42000000	57000000	5512.1777
43000000	57000000	5049.973
44000000	57000000	5923.0874
45000000	57000000	7444.8965
46000000	57000000	7155.72
47000000	57000000	8543.722
48000000	57000000	11113.919
49000000	57000000	7573.8315
50000000	57000000	2600.6995
51000000	57000000	2608.665
52000000	57000000	3145.6248
53000000	57000000	8302.889
54000000	57000000	12020.644
55000000	57000000	31803.299
56000000	57000000	154429.69
57000000	57000000	725957.9
0	58000000	1810.1923
1000000	58000000	1888.9326
2000000	58000000	1938.9993
3000000	58000000	1908.1859
4000000	58000000	1857.7206
5000000	58000000	1997.1848
6000000	58000000	2003.6189
7000000	58000000	1989.7656
8000000	58000000	2589.214
9000000	58000000	2695.0
10000000	58000000	1721.3156
11000000	58000000	1178.4829
12000000	58000000	1574.1323
13000000	58000000	1134.2576
14000000	58000000	1120.4266
15000000	58000000	2079.3423
16000000	58000000	3226.385
17000000	58000000	3053.0105
18000000	58000000	2953.4055
19000000	58000000	3297.6714
20000000	58000000	2864.5178
21000000	58000000	1951.1582
22000000	58000000	438.46356
25000000	58000000	2926.1687
26000000	58000000	4353.7056
27000000	58000000	4318.111
28000000	58000000	4321.388
29000000	58000000	4123.4517
30000000	58000000	4539.5664
31000000	58000000	3394.98
32000000	58000000	2842.1787
33000000	58000000	3813.877
34000000	58000000	3798.8818
35000000	58000000	4279.167
36000000	58000000	3400.9294
37000000	58000000	3898.0312
38000000	58000000	3639.114
39000000	58000000	3437.2378
40000000	58000000	3557.8235
41000000	58000000	4008.8008
42000000	58000000	4171.6436
43000000	58000000	4013.2415
44000000	58000000	5157.7827
45000000	58000000	5486.6763
46000000	58000000	5727.705
47000000	58000000	6040.771
48000000	58000000	8083.9766
49000000	58000000	8129.624
50000000	58000000	3889.2144
51000000	58000000	3675.434
52000000	58000000	4507.926
53000000	58000000	10133.066
54000000	58000000	13078.135
55000000	58000000	20860.123
56000000	58000000	30119.297
57000000	58000000	129716.38
58000000	58000000	709680.0
0	59000000	1849.1853
1000000	59000000	1222.9935
2000000	59000000	1689.3861
3000000	59000000	1747.7856
4000000	59000000	1138.3026
5000000	59000000	2181.1162
6000000	59000000	2241.915
7000000	59000000	1324.0181
8000000	59000000	2122.7415
9000000	59000000	3250.312
10000000	59000000	2638.0388
11000000	59000000	1811.0106
12000000	59000000	2479.4937
13000000	59000000	1954.9685
14000000	59000000	1889.8285
15000000	59000000	2660.0786
16000000	59000000	2403.9631
17000000	59000000	2252.2722
18000000	59000000	1885.885
19000000	59000000	3131.9343
20000000	59000000	3049.18
21000000	59000000	2344.1677
22000000	59000000	905.25415
25000000	59000000	3188.5852
26000000	59000000	3485.6086
27000000	59000000	2539.0103
28000000	59000000	2688.2808
29000000	59000000	2765.5596
30000000	59000000	3603.731
31000000	59000000	5035.447
32000000	59000000	4640.3696
33000000	59000000	3780.181
34000000	59000000	2788.5364
35000000	59000000	3614.7393
36000000	59000000	2253.1978
37000000	59000000	2614.9985
38000000	59000000	2628.946
39000000	59000000	4282.034
40000000	59000000	1995.2317
41000000	59000000	3178.773
42000000	59000000	2852.7632
43000000	59000000	3503.646
44000000	59000000	3977.3506
45000000	59000000	3840.1516
46000000	59000000	4318.765
47000000	59000000	4471.418
48000000	59000000	5150.727
49000000	59000000	8726.365
50000000	59000000	6908.3945
51000000	59000000	6418.429
52000000	59000000	7926.634
53000000	59000000	12992.704
54000000	59000000	17196.986
55000000	59000000	15149.256
56000000	59000000	16260.18
57000000	59000000	24772.332
58000000	59000000	145367.95
59000000	59000000	684317.5
0	60000000	1927.2897
1000000	60000000	1456.366
2000000	60000000	2075.4368
3000000	60000000	2067.4558
4000000	60000000	1487.014
5000000	60000000	2484.4197
6000000	60000000	2536.1848
7000000	60000000	1489.9612
8000000	60000000	2443.4192
9000000	60000000	3427.2454
10000000	60000000	2676.5793
11000000	60000000	1934.5165
12000000	60000000	2428.1396
13000000	60000000	1887.1912
14000000	60000000	2060.9187
15000000	60000000	2943.8594
16000000	60000000	2703.7732
17000000	60000000	2619.41
18000000	60000000	2101.8342
19000000	60000000	3191.3918
20000000	60000000	3216.9011
21000000	60000000	2572.7441
22000000	60000000	859.02136
25000000	60000000	3402.3345
26000000	60000000	3884.2373
27000000	60000000	2837.9036
28000000	60000000	2883.0354
29000000	60000000	2959.8462
30000000	60000000	3895.8066
31000000	60000000	5125.1196
32000000	60000000	4837.802
33000000	60000000	4167.278
34000000	60000000	3278.752
35000000	60000000	3845.9048
36000000	60000000	2582.455
37000000	60000000	2936.3374
38000000	60000000	3010.864
39000000	60000000	4603.972
40000000	60000000	2475.075
41000000	60000000	3385.7893
42000000	60000000	3243.6965
43000000	60000000	3758.8108
44000000	60000000	4339.78
45000000	60000000	4247.1567
46000000	60000000	4435.562
47000000	60000000	4785.9688
48000000	60000000	5958.8013
49000000	60000000	9682.775
50000000	60000000	6629.107
51000000	60000000	5946.103
52000000	60000000	6809.1313
53000000	60000000	12146.6
54000000	60000000	15235.791
55000000	60000000	13664.25
56000000	60000000	13902.282
57000000	60000000	20667.268
58000000	60000000	51857.445
59000000	60000000	176015.86
60000000	60000000	626575.9
0	61000000	1976.0911
1000000	61000000	1832.7126
2000000	61000000	2200.2456
3000000	61000000	2243.804
4000000	61000000	1851.3778
5000000	61000000	2640.9182
6000000	61000000	2651.2341
7000000	61000000	2335.1216
8000000	61000000	2878.9182
9000000	61000000	3163.267
10000000	61000000	2579.894
11000000	61000000	1603.208
12000000	61000000	2044.8511
13000000	61000000	1686.6661
14000000	61000000	1721.5409
15000000	61000000	2537.1873
16000000	61000000	2974.7502
17000000	61000000	2948.0386
18000000	61000000	2624.4631
19000000	61000000	3229.2253
20000000	61000000	2970.9597
21000000	61000000	2374.3198
22000000	61000000	800.8736
25000000	61000000	3546.0796
26000000	61000000	4712.346
27000000	61000000	3815.0305
28000000	61000000	2958.4175
29000000	61000000	3250.305
30000000	61000000	4118.647
31000000	61000000	4693.9087
32000000	61000000	4492.5303
33000000	61000000	4091.8804
34000000	61000000	3298.431
35000000	61000000	3952.9792
36000000	61000000	3110.1162
37000000	61000000	3397.919
38000000	61000000	3407.002
39000000	61000000	4543.435
40000000	61000000	3359.3635
41000000	61000000	3833.4595
42000000	61000000	3950.0022
43000000	61000000	4242.771
44000000	61000000	4317.229
45000000	61000000	4695.964
46000000	61000000	4761.6396
47000000	61000000	5229.2617
48000000	61000000	6971.968
49000000	61000000	9074.299
50000000	61000000	5829.8643
51000000	61000000	5086.932
52000000	61000000	5802.715
53000000	61000000	10259.774
54000000	61000000	13085.735
55000000	61000000	12434.429
56000000	61000000	13497.263
57000000	61000000	17040.717
58000000	61000000	28942.09
59000000	61000000	45261.625
60000000	61000000	165793.45
61000000	61000000	665134.94
0	62000000	1854.2091
1000000	62000000	2552.7454
2000000	62000000	2185.5981
3000000	62000000	2018.0492
4000000	62000000	2380.4294
5000000	62000000	1978.8252
6000000	62000000	2002.186
7000000	62000000	2925.3972
8000000	62000000	3290.224
9000000	62000000	2483.9956
10000000	62000000	1499.8256
11000000	62000000	794.1326
12000000	62000000	1248.9996
13000000	62000000	771.4992
14000000	62000000	819.0744
15000000	62000000	1730.7954
16000000	62000000	3566.17
17000000	62000000	3466.61
18000000	62000000	3542.5593
19000000	62000000	3114.3008
20000000	62000000	2501.213
21000000	62000000	1656.0266
22000000	62000000	331.25986
25000000	62000000	3101.494
26000000	62000000	5245.9067
27000000	62000000	4974.9526
28000000	62000000	4195.44
29000000	62000000	4108.9536
30000000	62000000	4499.109
31000000	62000000	2632.8118
32000000	62000000	2076.8987
33000000	62000000	3462.9783
34000000	62000000	3540.8994
35000000	62000000	3693.5117
36000000	62000000	3749.751
37000000	62000000	4116.922
38000000	62000000	3835.2485
39000000	62000000	3077.4958
40000000	62000000	4283.856
41000000	62000000	4149.6455
42000000	62000000	4796.706
43000000	62000000	5285.971
44000000	62000000	8715.119
45000000	62000000	5776.0405
46000000	62000000	5685.1387
47000000	62000000	6289.9507
48000000	62000000	9062.73
49000000	62000000	6278.655
50000000	62000000	2152.476
51000000	62000000	1878.417
52000000	62000000	2211.1445
53000000	62000000	6020.3594
54000000	62000000	6383.053
55000000	62000000	11842.9795
56000000	62000000	13152.774
57000000	62000000	16083.647
58000000	62000000	16980.645
59000000	62000000	14417.921
60000000	62000000	24351.309
61000000	62000000	119533.695
62000000	62000000	759566.1
0	63000000	1715.0032
1000000	63000000	1191.6785
2000000	63000000	1531.0286
3000000	63000000	1690.4197
4000000	63000000	1133.6941
5000000	63000000	2012.1383
6000000	63000000	2227.9138
7000000	63000000	1219.4005
8000000	63000000	2277.705
9000000	63000000	3456.8909
10000000	63000000	3151.0269
11000000	63000000	2528.6523
12000000	63000000	2894.1836
13000000	63000000	2493.6394
14000000	63000000	2598.2083
15000000	63000000	3040.3892
16000000	63000000	2408.501
17000000	63000000	2118.4492
18000000	63000000	1716.6448
19000000	63000000	2697.81
20000000	63000000	2911.5625
21000000	63000000	3097.3499
22000000	63000000	1522.6266
25000000	63000000	4152.8184
26000000	63000000	3678.1357
27000000	63000000	2253.0808
28000000	63000000	2216.2344
29000000	63000000	2207.6958
30000000	63000000	2925.2554
31000000	63000000	4689.986
32000000	63000000	4499.564
33000000	63000000	3313.1753
34000000	63000000	2323.7703
35000000	63000000	2554.085
36000000	63000000	2034.5579
37000000	63000000	2072.2573
38000000	63000000	2392.8882
39000000	63000000	3997.6768
40000000	63000000	1820.6085
41000000	63000000	2870.5762
42000000	63000000	2459.1475
43000000	63000000	3001.8967
44000000	63000000	3215.1096
45000000	63000000	2975.5823
46000000	63000000	3444.0789
47000000	63000000	3975.9185
48000000	63000000	4897.0093
49000000	63000000	8642.42
50000000	63000000	8364.06
51000000	63000000	7616.47
52000000	63000000	8480.606
53000000	63000000	10318.862
54000000	63000000	12475.488
55000000	63000000	8454.057
56000000	63000000	7552.0747
57000000	63000000	7394.3228
58000000	63000000	10385.068
59000000	63000000	15261.333
60000000	63000000	20913.01
61000000	63000000	27873.434
62000000	63000000	106733.65
63000000	63000000	686717.56
0	64000000	1609.5826
1000000	64000000	1028.739
2000000	64000000	1447.4686
3000000	64000000	1587.1514
4000000	64000000	1031.0063
5000000	64000000	1914.0259
6000000	64000000	2154.44
7000000	64000000	1097.6991
8000000	64000000	1957.9625
9000000	64000000	3417.456
10000000	64000000	3129.411
11000000	64000000	2328.1724
12000000	64000000	2650.6584
13000000	64000000	2395.5708
14000000	64000000	2329.2812
15000000	64000000	2972.6091
16000000	64000000	2198.58
17000000	64000000	2023.4326
18000000	64000000	1637.3408
19000000	64000000	2670.7075
20000000	64000000	2973.8503
21000000	64000000	3033.6582
22000000	64000000	1397.7535
25000000	64000000	3576.779
26000000	64000000	3331.2375
27000000	64000000	2006.124
28000000	64000000	2145.7808
29000000	64000000	2200.2212
30000000	64000000	2839.2405
31000000	64000000	5042.9814
32000000	64000000	4803.8853
33000000	64000000	3313.093
34000000	64000000	2254.8865
35000000	64000000	2459.722
36000000	64000000	1791.4397
37000000	64000000	1835.031
38000000	64000000	2089.4956
39000000	64000000	3932.06
40000000	64000000	1579.5192
41000000	64000000	2611.5032
42000000	64000000	2154.7905
43000000	64000000	2782.7666
44000000	64000000	3225.7349
45000000	64000000	2878.7227
46000000	64000000	3103.4973
47000000	64000000	3682.499
48000000	64000000	4766.867
49000000	64000000	8788.529
50000000	64000000	8079.0503
51000000	64000000	7027.6743
52000000	64000000	7735.4575
53000000	64000000	10053.765
54000000	64000000	12225.711
55000000	64000000	8217.582
56000000	64000000	7000.4155
57000000	64000000	6420.287
58000000	64000000	9603.955
59000000	64000000	14606.404
60000000	64000000	17505.148
61000000	64000000	20386.455
62000000	64000000	33689.43
63000000	64000000	187701.81
64000000	64000000	665180.56
0	65000000	1668.7217
1000000	65000000	1848.5068
2000000	65000000	1748.9823
3000000	65000000	1759.6816
4000000	65000000	1928.1891
5000000	65000000	1765.4856
6000000	65000000	1623.4594
7000000	65000000	1881.4725
8000000	65000000	2553.55
9000000	65000000	2717.4685
10000000	65000000	1972.6112
11000000	65000000	1066.5674
12000000	65000000	1747.6617
13000000	65000000	1047.6738
14000000	65000000	1095.795
15000000	65000000	2054.0754
16000000	65000000	3575.5645
17000000	65000000	2946.277
18000000	65000000	3095.4548
19000000	65000000	3318.2627
20000000	65000000	3220.9424
21000000	65000000	2236.8196
22000000	65000000	383.4612
25000000	65000000	3475.092
26000000	65000000	4633.7534
27000000	65000000	4071.0557
28000000	65000000	3609.413
29000000	65000000	3654.225
30000000	65000000	4312.941
31000000	65000000	2737.4492
32000000	65000000	2454.426
33000000	65000000	3427.8977
34000000	65000000	3454.6877
35000000	65000000	3514.954
36000000	65000000	3028.309
37000000	65000000	3033.1865
38000000	65000000	3280.8948
39000000	65000000	2528.3323
40000000	65000000	3310.3467
41000000	65000000	3256.9998
42000000	65000000	3407.3015
43000000	65000000	3319.6619
44000000	65000000	4061.4333
45000000	65000000	4640.922
46000000	65000000	4523.8184
47000000	65000000	5311.726
48000000	65000000	8265.16
49000000	65000000	8010.986
50000000	65000000	2767.7537
51000000	65000000	2428.6428
52000000	65000000	2761.0967
53000000	65000000	7982.737
54000000	65000000	6916.5796
55000000	65000000	9637.353
56000000	65000000	9112.711
57000000	65000000	12020.65
58000000	65000000	12691.172
59000000	65000000	10563.797
60000000	65000000	13321.361
61000000	65000000	16661.701
62000000	65000000	32498.463
63000000	65000000	41840.797
64000000	65000000	140277.53
65000000	65000000	739933.9
0	66000000	1548.0626
1000000	66000000	1379.4501
2000000	66000000	1507.1118
3000000	66000000	1631.1775
4000000	66000000	1422.4779
5000000	66000000	1712.8933
6000000	66000000	1818.8251
7000000	66000000	1555.4481
8000000	66000000	2340.238
9000000	66000000	3203.489
10000000	66000000	2697.6367
11000000	66000000	1943.3494
12000000	66000000	2794.5195
13000000	66000000	1881.224
14000000	66000000	1936.1335
15000000	66000000	2875.278
16000000	66000000	3173.556
17000000	66000000	2668.2786
18000000	66000000	2350.245
19000000	66000000	3221.7585
20000000	66000000	3376.9639
21000000	66000000	2876.1208
22000000	66000000	1038.016
25000000	66000000	4275.7754
26000000	66000000	4615.8687
27000000	66000000	2894.0784
28000000	66000000	2577.2197
29000000	66000000	2587.4478
30000000	66000000	3174.6006
31000000	66000000	3141.555
32000000	66000000	2825.6882
33000000	66000000	3015.9053
34000000	66000000	2318.6077
35000000	66000000	2496.1787
36000000	66000000	2180.797
37000000	66000000	2349.1306
38000000	66000000	2338.719
39000000	66000000	2801.3315
40000000	66000000	2216.1545
41000000	66000000	2859.599
42000000	66000000	2628.7366
43000000	66000000	2758.4246
44000000	66000000	3462.206
45000000	66000000	3306.4712
46000000	66000000	3292.7188
47000000	66000000	4149.151
48000000	66000000	6431.9175
49000000	66000000	9411.0
50000000	66000000	5944.0283
51000000	66000000	5511.003
52000000	66000000	6064.8105
53000000	66000000	10397.396
54000000	66000000	10034.501
55000000	66000000	9076.414
56000000	66000000	8037.8433
57000000	66000000	8011.4707
58000000	66000000	9302.155
59000000	66000000	9364.948
60000000	66000000	10987.462
61000000	66000000	12682.307
62000000	66000000	16098.097
63000000	66000000	22220.676
64000000	66000000	31394.953
65000000	66000000	101819.484
66000000	66000000	693287.56
0	67000000	1173.0304
1000000	67000000	784.7574
2000000	67000000	1169.3201
3000000	67000000	1335.6802
4000000	67000000	760.37213
5000000	67000000	1486.0469
6000000	67000000	1548.4994
7000000	67000000	927.20935
8000000	67000000	1710.6102
9000000	67000000	3178.2334
10000000	67000000	3617.2493
11000000	67000000	3260.1912
12000000	67000000	3988.5938
13000000	67000000	3236.3694
14000000	67000000	3300.331
15000000	67000000	3682.8418
16000000	67000000	2325.5906
17000000	67000000	1720.384
18000000	67000000	1349.2434
19000000	67000000	2298.0557
20000000	67000000	3219.1436
21000000	67000000	3831.4976
22000000	67000000	1829.5765
25000000	67000000	5073.67
26000000	67000000	3486.6733
27000000	67000000	1593.2292
28000000	67000000	1611.9111
29000000	67000000	1580.5757
30000000	67000000	2168.246
31000000	67000000	3317.4983
32000000	67000000	3126.314
33000000	67000000	2441.6323
34000000	67000000	1556.8147
35000000	67000000	1741.2854
36000000	67000000	1323.2378
37000000	67000000	1452.5166
38000000	67000000	1636.3632
39000000	67000000	2551.2607
40000000	67000000	1289.1847
41000000	67000000	2121.8281
42000000	67000000	1686.2766
43000000	67000000	1844.1432
44000000	67000000	2336.7063
45000000	67000000	2109.8325
46000000	67000000	2264.8953
47000000	67000000	2500.0457
48000000	67000000	3774.6487
49000000	67000000	9938.344
50000000	67000000	9881.5625
51000000	67000000	9298.292
52000000	67000000	10144.197
53000000	67000000	13132.193
54000000	67000000	12093.178
55000000	67000000	7311.679
56000000	67000000	5051.4443
57000000	67000000	4743.5264
58000000	67000000	6688.366
59000000	67000000	8966.097
60000000	67000000	9816.844
61000000	67000000	9920.975
62000000	67000000	8342.413
63000000	67000000	16999.273
64000000	67000000	20399.996
65000000	67000000	27910.736
66000000	67000000	174812.23
67000000	67000000	607538.5
0	68000000	1109.5013
1000000	68000000	523.6708
2000000	68000000	871.9669
3000000	68000000	1177.307
4000000	68000000	510.48523
5000000	68000000	1412.2561
6000000	68000000	1402.1223
7000000	68000000	601.4507
8000000	68000000	1180.5372
9000000	68000000	2987.2114
10000000	68000000	4426.896
11000000	68000000	5503.3975
12000000	68000000	4630.7954
13000000	68000000	5211.3843
14000000	68000000	5314.812
15000000	68000000	4182.917
16000000	68000000	1437.8645
17000000	68000000	1058.7668
18000000	68000000	814.42554
19000000	68000000	1643.434
20000000	68000000	2619.5273
21000000	68000000	4812.1978
22000000	68000000	3911.5781
25000000	68000000	4513.649
26000000	68000000	2431.451
27000000	68000000	894.22534
28000000	68000000	990.70966
29000000	68000000	954.6882
30000000	68000000	1372.9905
31000000	68000000	3444.8704
32000000	68000000	3123.4666
33000000	68000000	1911.9913
34000000	68000000	1034.0016
35000000	68000000	1157.8397
36000000	68000000	777.24774
37000000	68000000	877.9276
38000000	68000000	1119.4899
39000000	68000000	2407.9702
40000000	68000000	823.3204
41000000	68000000	1701.6427
42000000	68000000	1131.4897
43000000	68000000	1411.857
44000000	68000000	1556.6003
45000000	68000000	1345.3236
46000000	68000000	1402.5916
47000000	68000000	1672.598
48000000	68000000	2268.564
49000000	68000000	9531.013
50000000	68000000	16906.23
51000000	68000000	17302.564
52000000	68000000	17545.773
53000000	68000000	11660.898
54000000	68000000	11994.033
55000000	68000000	4428.876
56000000	68000000	3272.278
57000000	68000000	2648.4363
58000000	68000000	4264.9004
59000000	68000000	7496.884
60000000	68000000	7605.7344
61000000	68000000	7516.7334
62000000	68000000	4413.8286
63000000	68000000	14838.802
64000000	68000000	16368.752
65000000	68000000	10651.6455
66000000	68000000	37737.043
67000000	68000000	190832.72
68000000	68000000	618949.25
0	69000000	1174.4327
1000000	69000000	515.93225
2000000	69000000	905.618
3000000	69000000	1210.2958
4000000	69000000	541.16547
5000000	69000000	1488.3745
6000000	69000000	1517.1382
7000000	69000000	575.0476
8000000	69000000	1174.3602
9000000	69000000	3084.8655
10000000	69000000	4430.4478
11000000	69000000	5935.9023
12000000	69000000	5021.5854
13000000	69000000	5464.208
14000000	69000000	5433.007
15000000	69000000	4197.898
16000000	69000000	1441.3672
17000000	69000000	1018.2536
18000000	69000000	812.06726
19000000	69000000	1697.2288
20000000	69000000	2399.077
21000000	69000000	5015.6953
22000000	69000000	4227.9067
25000000	69000000	4306.243
26000000	69000000	2345.1406
27000000	69000000	831.95044
28000000	69000000	865.1593
29000000	69000000	919.7057
30000000	69000000	1306.9622
31000000	69000000	3487.1682
32000000	69000000	3147.113
33000000	69000000	1787.9098
34000000	69000000	901.17694
35000000	69000000	1061.4463
36000000	69000000	712.72925
37000000	69000000	828.6453
38000000	69000000	1056.1897
39000000	69000000	2392.6323
40000000	69000000	725.84265
41000000	69000000	1574.9069
42000000	69000000	1080.9634
43000000	69000000	1307.031
44000000	69000000	1385.5739
45000000	69000000	1194.952
46000000	69000000	1236.739
47000000	69000000	1622.8352
48000000	69000000	2144.5994
49000000	69000000	9394.403
50000000	69000000	16662.992
51000000	69000000	16784.53
52000000	69000000	17259.73
53000000	69000000	10337.857
54000000	69000000	11259.268
55000000	69000000	3830.1353
56000000	69000000	2879.5657
57000000	69000000	2393.7163
58000000	69000000	3743.5579
59000000	69000000	6299.091
60000000	69000000	6485.6978
61000000	69000000	6089.439
62000000	69000000	3539.51
63000000	69000000	11983.444
64000000	69000000	12777.422
65000000	69000000	6846.2495
66000000	69000000	20216.459
67000000	69000000	54146.95
68000000	69000000	175593.92
69000000	69000000	635416.7
0	70000000	1391.441
1000000	70000000	871.39636
2000000	70000000	1278.4355
3000000	70000000	1390.9464
4000000	70000000	938.5249
5000000	70000000	1691.9008
6000000	70000000	1756.1067
7000000	70000000	1080.9518
8000000	70000000	2037.8536
9000000	70000000	4002.1528
10000000	70000000	4137.737
11000000	70000000	2933.3296
12000000	70000000	3794.4534
13000000	70000000	2767.7664
14000000	70000000	2874.028
15000000	70000000	3610.8582
16000000	70000000	2645.3618
17000000	70000000	1967.3662
18000000	70000000	1545.0212
19000000	70000000	2751.6853
20000000	70000000	3585.5544
21000000	70000000	4198.123
22000000	70000000	1371.9677
25000000	70000000	5373.282
26000000	70000000	3738.572
27000000	70000000	1660.3629
28000000	70000000	1506.1937
29000000	70000000	1572.1394
30000000	70000000	2141.041
31000000	70000000	3565.7703
32000000	70000000	3246.6748
33000000	70000000	2620.5037
34000000	70000000	1695.6979
35000000	70000000	1653.1392
36000000	70000000	1233.2963
37000000	70000000	1365.9628
38000000	70000000	1721.5881
39000000	70000000	2443.4338
40000000	70000000	1317.0658
41000000	70000000	2207.0432
42000000	70000000	1648.515
43000000	70000000	1927.6805
44000000	70000000	2214.0037
45000000	70000000	1889.2178
46000000	70000000	2189.8845
47000000	70000000	2511.9438
48000000	70000000	4250.7847
49000000	70000000	9868.06
50000000	70000000	7656.936
51000000	70000000	6568.6978
52000000	70000000	7572.3223
53000000	70000000	12700.1455
54000000	70000000	10357.558
55000000	70000000	6838.1553
56000000	70000000	4529.598
57000000	70000000	4042.4324
58000000	70000000	5456.1514
59000000	70000000	6679.4844
60000000	70000000	7218.501
61000000	70000000	7085.0024
62000000	70000000	6743.7295
63000000	70000000	11245.554
64000000	70000000	12762.127
65000000	70000000	12733.657
66000000	70000000	23487.336
67000000	70000000	44064.78
68000000	70000000	77801.27
69000000	70000000	217878.28
70000000	70000000	581708.3
0	71000000	2590.1914
1000000	71000000	1261.1168
2000000	71000000	1936.8839
3000000	71000000	2039.02
4000000	71000000	1255.9705
5000000	71000000	3027.2422
6000000	71000000	3306.056
7000000	71000000	1558.3965
8000000	71000000	3173.5747
9000000	71000000	6064.674
10000000	71000000	4901.827
11000000	71000000	2852.647
12000000	71000000	3103.6316
13000000	71000000	2543.554
14000000	71000000	2654.697
15000000	71000000	4352.9854
16000000	71000000	3475.392
17000000	71000000	3323.1208
18000000	71000000	2244.0955
19000000	71000000	4318.774
20000000	71000000	4688.1377
21000000	71000000	4591.797
22000000	71000000	1339.5018
25000000	71000000	5053.0874
26000000	71000000	4912.216
27000000	71000000	2377.2817
28000000	71000000	1963.21
29000000	71000000	2092.2292
30000000	71000000	2943.733
31000000	71000000	6728.0415
32000000	71000000	6771.0923
33000000	71000000	4256.327
34000000	71000000	2571.0103
35000000	71000000	3016.6606
36000000	71000000	1862.7528
37000000	71000000	1887.9718
38000000	71000000	2106.5208
39000000	71000000	4556.328
40000000	71000000	1692.243
41000000	71000000	3046.4485
42000000	71000000	2538.4756
43000000	71000000	3379.3057
44000000	71000000	3602.8276
45000000	71000000	2880.7026
46000000	71000000	3272.0908
47000000	71000000	4407.387
48000000	71000000	6970.978
49000000	71000000	11419.062
50000000	71000000	7147.505
51000000	71000000	5590.765
52000000	71000000	6646.316
53000000	71000000	12009.567
54000000	71000000	13629.102
55000000	71000000	9738.18
56000000	71000000	6572.8906
57000000	71000000	5072.4917
58000000	71000000	6383.4365
59000000	71000000	8379.896
60000000	71000000	9173.802
61000000	71000000	9660.579
62000000	71000000	7790.206
63000000	71000000	12544.878
64000000	71000000	15676.48
65000000	71000000	13548.98
66000000	71000000	20967.357
67000000	71000000	24844.371
68000000	71000000	29792.172
69000000	71000000	43525.902
70000000	71000000	170691.0
71000000	71000000	635503.4
0	72000000	3428.0637
1000000	72000000	2687.7954
2000000	72000000	2881.0295
3000000	72000000	2888.3086
4000000	72000000	2778.2932
5000000	72000000	3561.8982
6000000	72000000	4246.776
7000000	72000000	3717.142
8000000	72000000	5389.98
9000000	72000000	5052.0884
10000000	72000000	3083.122
11000000	72000000	1559.5697
12000000	72000000	2076.2585
13000000	72000000	1404.438
14000000	72000000	1470.7235
15000000	72000000	2774.2815
16000000	72000000	4275.5093
17000000	72000000	4888.2515
18000000	72000000	3905.0703
19000000	72000000	4640.508
20000000	72000000	3882.6794
21000000	72000000	2872.9644
22000000	72000000	719.1392
25000000	72000000	4052.3972
26000000	72000000	6342.0703
27000000	72000000	4781.856
28000000	72000000	3425.4373
29000000	72000000	3510.853
30000000	72000000	4362.1855
31000000	72000000	5172.117
32000000	72000000	5304.4414
33000000	72000000	4880.3813
34000000	72000000	3897.471
35000000	72000000	4335.168
36000000	72000000	3645.166
37000000	72000000	3849.302
38000000	72000000	3758.0266
39000000	72000000	5259.67
40000000	72000000	3710.0852
41000000	72000000	5079.452
42000000	72000000	4930.384
43000000	72000000	5372.9976
44000000	72000000	5104.8755
45000000	72000000	4787.75
46000000	72000000	5302.722
47000000	72000000	7556.1416
48000000	72000000	10099.839
49000000	72000000	7685.1333
50000000	72000000	3326.6917
51000000	72000000	2758.6401
52000000	72000000	3136.3599
53000000	72000000	6258.342
54000000	72000000	8160.9004
55000000	72000000	9246.507
56000000	72000000	9578.051
57000000	72000000	7618.3813
58000000	72000000	7011.5894
59000000	72000000	7140.698
60000000	72000000	8116.9985
61000000	72000000	9509.488
62000000	72000000	10100.281
63000000	72000000	10253.721
64000000	72000000	10744.48
65000000	72000000	12413.223
66000000	72000000	14846.855
67000000	72000000	12115.709
68000000	72000000	11331.274
69000000	72000000	13762.282
70000000	72000000	29394.236
71000000	72000000	124952.96
72000000	72000000	693471.44
0	73000000	2327.4421
1000000	73000000	4696.893
2000000	73000000	3278.4346
3000000	73000000	2931.8289
4000000	73000000	4684.4585
5000000	73000000	2755.543
6000000	73000000	2290.6765
7000000	73000000	6502.3857
8000000	73000000	4403.402
9000000	73000000	1573.957
10000000	73000000	863.28925
11000000	73000000	490.56723
12000000	73000000	674.1579
13000000	73000000	435.15604
14000000	73000000	451.82108
15000000	73000000	1019.05536
16000000	73000000	2816.2874
17000000	73000000	3550.875
18000000	73000000	3891.9692
19000000	73000000	2233.8362
20000000	73000000	1498.6472
21000000	73000000	918.6547
22000000	73000000	204.87434
25000000	73000000	1659.6316
26000000	73000000	4453.7866
27000000	73000000	6621.589
28000000	73000000	4154.8237
29000000	73000000	4159.6953
30000000	73000000	3690.317
31000000	73000000	1595.6422
32000000	73000000	1204.5089
33000000	73000000	2572.235
34000000	73000000	3291.056
35000000	73000000	3643.7327
36000000	73000000	5374.556
37000000	73000000	5326.8022
38000000	73000000	4837.7095
39000000	73000000	2839.4587
40000000	73000000	7397.1416
41000000	73000000	5212.579
42000000	73000000	6859.7046
43000000	73000000	5457.471
44000000	73000000	4351.4307
45000000	73000000	5813.7227
46000000	73000000	5481.5366
47000000	73000000	6605.734
48000000	73000000	7610.8247
49000000	73000000	3009.1516
50000000	73000000	772.28357
51000000	73000000	702.6646
52000000	73000000	819.92224
53000000	73000000	1927.2449
54000000	73000000	2023.187
55000000	73000000	4238.369
56000000	73000000	6713.6133
57000000	73000000	7240.951
58000000	73000000	4888.9634
59000000	73000000	3035.2705
60000000	73000000	3709.8535
61000000	73000000	5583.9023
62000000	73000000	8534.011
63000000	73000000	3879.6626
64000000	73000000	3348.352
65000000	73000000	7539.678
66000000	73000000	6167.8384
67000000	73000000	3807.5728
68000000	73000000	2843.515
69000000	73000000	3129.7188
70000000	73000000	6254.4517
71000000	73000000	10692.68
72000000	73000000	105754.625
73000000	73000000	822507.2
0	74000000	2929.3528
1000000	74000000	4143.0327
2000000	74000000	3139.8855
3000000	74000000	2940.6213
4000000	74000000	4069.5884
5000000	74000000	2765.7449
6000000	74000000	2891.1729
7000000	74000000	4675.532
8000000	74000000	3249.2842
9000000	74000000	1488.7213
10000000	74000000	815.29724
11000000	74000000	491.6662
12000000	74000000	668.3083
13000000	74000000	447.16397
14000000	74000000	429.77002
15000000	74000000	794.2129
16000000	74000000	2238.787
17000000	74000000	2697.4507
18000000	74000000	2796.932
19000000	74000000	1919.3859
20000000	74000000	1139.873
21000000	74000000	742.8522
22000000	74000000	216.49747
25000000	74000000	1343.3307
26000000	74000000	2953.5312
27000000	74000000	4841.561
28000000	74000000	3350.6855
29000000	74000000	3570.0354
30000000	74000000	3241.6802
31000000	74000000	1942.644
32000000	74000000	1724.0927
33000000	74000000	2510.7617
34000000	74000000	2997.5486
35000000	74000000	3471.583
36000000	74000000	4621.8486
37000000	74000000	4806.0493
38000000	74000000	3984.5317
39000000	74000000	3580.135
40000000	74000000	5565.676
41000000	74000000	5287.535
42000000	74000000	6183.34
43000000	74000000	5242.2896
44000000	74000000	4401.7456
45000000	74000000	4885.3125
46000000	74000000	4432.5376
47000000	74000000	5534.586
48000000	74000000	5279.434
49000000	74000000	2178.034
50000000	74000000	884.4527
51000000	74000000	798.6906
52000000	74000000	839.3929
53000000	74000000	1657.9597
54000000	74000000	1873.1948
55000000	74000000	3191.6821
56000000	74000000	4867.9185
57000000	74000000	5016.085
58000000	74000000	3645.9197
59000000	74000000	2736.7402
60000000	74000000	3282.2512
61000000	74000000	4280.554
62000000	74000000	5517.2856
63000000	74000000	3458.3862
64000000	74000000	3200.489
65000000	74000000	4986.531
66000000	74000000	4279.763
67000000	74000000	2994.9907
68000000	74000000	2560.563
69000000	74000000	2857.6475
70000000	74000000	4541.4443
71000000	74000000	8010.8154
72000000	74000000	22109.244
73000000	74000000	141439.7
74000000	74000000	756227.1
0	75000000	3462.6243
1000000	75000000	3167.6045
2000000	75000000	3091.633
3000000	75000000	3062.0168
4000000	75000000	3124.744
5000000	75000000	3232.2017
6000000	75000000	3538.979
7000000	75000000	3159.859
8000000	75000000	2728.3267
9000000	75000000	1812.8484
10000000	75000000	961.08203
11000000	75000000	558.2573
12000000	75000000	765.5946
13000000	75000000	549.24536
14000000	75000000	538.36755
15000000	75000000	867.7291
16000000	75000000	2004.516
17000000	75000000	2441.1582
18000000	75000000	2116.6094
19000000	75000000	1831.0443
20000000	75000000	1201.2607
21000000	75000000	853.4846
22000000	75000000	252.0039
25000000	75000000	1303.5481
26000000	75000000	2462.7598
27000000	75000000	3417.1062
28000000	75000000	2620.1467
29000000	75000000	2863.8298
30000000	75000000	2910.4177
31000000	75000000	2652.6143
32000000	75000000	2575.2231
33000000	75000000	2834.4165
34000000	75000000	2894.552
35000000	75000000	3413.7324
36000000	75000000	3808.934
37000000	75000000	3897.87
38000000	75000000	3529.324
39000000	75000000	4432.734
40000000	75000000	3696.802
41000000	75000000	4869.617
42000000	75000000	4946.243
43000000	75000000	4884.049
44000000	75000000	4118.945
45000000	75000000	3833.4504
46000000	75000000	3548.2007
47000000	75000000	4771.0464
48000000	75000000	4474.7456
49000000	75000000	2144.5762
50000000	75000000	1132.1985
51000000	75000000	1071.0878
52000000	75000000	1218.2913
53000000	75000000	1927.5625
54000000	75000000	2255.425
55000000	75000000	2953.4417
56000000	75000000	4169.6685
57000000	75000000	3899.6538
58000000	75000000	3111.5425
59000000	75000000	2928.828
60000000	75000000	3325.9912
61000000	75000000	3932.5461
62000000	75000000	4515.6333
63000000	75000000	3829.471
64000000	75000000	3638.9573
65000000	75000000	4118.11
66000000	75000000	4048.2515
67000000	75000000	3221.6504
68000000	75000000	3034.0466
69000000	75000000	3246.192
70000000	75000000	4794.9585
71000000	75000000	8968.552
72000000	75000000	17430.648
73000000	75000000	22808.152
74000000	75000000	162565.17
75000000	75000000	743678.94
0	76000000	3419.19
1000000	76000000	3714.943
2000000	76000000	3256.3455
3000000	76000000	3177.359
4000000	76000000	3500.8315
5000000	76000000	3132.3916
6000000	76000000	3316.8037
7000000	76000000	3816.156
8000000	76000000	2937.9219
9000000	76000000	1636.2675
10000000	76000000	886.22687
11000000	76000000	522.2015
12000000	76000000	717.09454
13000000	76000000	512.576
14000000	76000000	484.7101
15000000	76000000	901.82654
16000000	76000000	2003.9976
17000000	76000000	2452.9583
18000000	76000000	2321.5845
19000000	76000000	1747.3933
20000000	76000000	1230.4325
21000000	76000000	824.944
22000000	76000000	225.59521
25000000	76000000	1409.4026
26000000	76000000	2549.8591
27000000	76000000	3522.253
28000000	76000000	2698.4539
29000000	76000000	2901.201
30000000	76000000	2993.0674
31000000	76000000	2407.0852
32000000	76000000	2211.5999
33000000	76000000	2887.191
34000000	76000000	3097.0166
35000000	76000000	3388.0056
36000000	76000000	4076.362
37000000	76000000	4048.232
38000000	76000000	3909.7947
39000000	76000000	3885.8127
40000000	76000000	4324.55
41000000	76000000	4718.0767
42000000	76000000	5207.105
43000000	76000000	4934.9126
44000000	76000000	3830.7485
45000000	76000000	3974.8577
46000000	76000000	3666.3027
47000000	76000000	4515.793
48000000	76000000	4233.857
49000000	76000000	2051.225
50000000	76000000	872.59827
51000000	76000000	769.5525
52000000	76000000	837.7363
53000000	76000000	1868.406
54000000	76000000	1910.6237
55000000	76000000	2851.304
56000000	76000000	3952.375
57000000	76000000	3809.2693
58000000	76000000	3103.672
59000000	76000000	2610.6438
60000000	76000000	3096.9214
61000000	76000000	3737.8926
62000000	76000000	4512.373
63000000	76000000	3321.7412
64000000	76000000	3082.8206
65000000	76000000	4143.433
66000000	76000000	3564.9995
67000000	76000000	2824.787
68000000	76000000	2435.4377
69000000	76000000	2580.003
70000000	76000000	4084.5715
71000000	76000000	7152.1436
72000000	76000000	14013.312
73000000	76000000	19105.09
74000000	76000000	45952.484
75000000	76000000	158527.45
76000000	76000000	771530.06
0	77000000	5671.3257
1000000	77000000	2993.169
2000000	77000000	3573.3909
3000000	77000000	3539.7605
4000000	77000000	2747.9404
5000000	77000000	4279.572
6000000	77000000	5146.1074
7000000	77000000	2908.5269
8000000	77000000	2884.212
9000000	77000000	2359.5754
10000000	77000000	1558.6658
11000000	77000000	844.4813
12000000	77000000	977.98956
13000000	77000000	705.5116
14000000	77000000	789.66223
15000000	77000000	1359.59
16000000	77000000	1917.1036
17000000	77000000	2551.838
18000000	77000000	1949.9854
19000000	77000000	2146.769
20000000	77000000	1533.2074
21000000	77000000	1201.561
22000000	77000000	399.37973
25000000	77000000	1505.661
26000000	77000000	2389.3794
27000000	77000000	2726.4353
28000000	77000000	2047.6691
29000000	77000000	2331.2073
30000000	77000000	2683.7207
31000000	77000000	4732.8735
32000000	77000000	4805.371
33000000	77000000	3755.6868
34000000	77000000	3003.0479
35000000	77000000	4060.6052
36000000	77000000	3285.5122
37000000	77000000	3482.9036
38000000	77000000	3053.8774
39000000	77000000	6226.4346
40000000	77000000	2900.8198
41000000	77000000	5010.511
42000000	77000000	4653.257
43000000	77000000	5542.2617
44000000	77000000	4653.7954
45000000	77000000	3350.2146
46000000	77000000	3245.0156
47000000	77000000	4513.942
48000000	77000000	4000.8262
49000000	77000000	2730.4316
50000000	77000000	1619.1991
51000000	77000000	1345.3779
52000000	77000000	1434.9915
53000000	77000000	2352.6355
54000000	77000000	3265.57
55000000	77000000	3055.1987
56000000	77000000	3479.057
57000000	77000000	2854.0686
58000000	77000000	2878.6418
59000000	77000000	3293.1357
60000000	77000000	3881.6064
61000000	77000000	4202.5586
62000000	77000000	3459.6604
63000000	77000000	3975.68
64000000	77000000	4230.171
65000000	77000000	3406.9937
66000000	77000000	3833.1313
67000000	77000000	3465.0388
68000000	77000000	3449.5874
69000000	77000000	3688.2744
70000000	77000000	4535.893
71000000	77000000	11827.906
72000000	77000000	15962.874
73000000	77000000	10367.266
74000000	77000000	26592.6
75000000	77000000	56515.793
76000000	77000000	130929.94
77000000	77000000	762408.9
0	78000000	4504.2285
1000000	78000000	4274.487
2000000	78000000	3523.698
3000000	78000000	3387.33
4000000	78000000	3854.908
5000000	78000000	3172.5374
6000000	78000000	3482.1038
7000000	78000000	3819.9478
8000000	78000000	2800.676
9000000	78000000	1587.0724
10000000	78000000	830.2213
11000000	78000000	480.85986
12000000	78000000	685.48
13000000	78000000	479.23007
14000000	78000000	424.527
15000000	78000000	815.54236
16000000	78000000	1901.1862
17000000	78000000	2345.1301
18000000	78000000	2234.441
19000000	78000000	1674.9136
20000000	78000000	1199.0466
21000000	78000000	753.5852
22000000	78000000	234.14513
25000000	78000000	1245.9144
26000000	78000000	2546.2954
27000000	78000000	3507.2651
28000000	78000000	2514.3608
29000000	78000000	2690.9775
30000000	78000000	2871.4368
31000000	78000000	2015.578
32000000	78000000	1959.9261
33000000	78000000	2428.1045
34000000	78000000	2788.1362
35000000	78000000	3671.228
36000000	78000000	3843.4087
37000000	78000000	4082.5881
38000000	78000000	3421.1973
39000000	78000000	3691.7766
40000000	78000000	4365.3115
41000000	78000000	5028.2026
42000000	78000000	5394.165
43000000	78000000	4747.3906
44000000	78000000	3780.3904
45000000	78000000	3910.597
46000000	78000000	3222.5151
47000000	78000000	4193.603
48000000	78000000	4099.338
49000000	78000000	1962.2496
50000000	78000000	939.58405
51000000	78000000	760.024
52000000	78000000	815.2208
53000000	78000000	1573.7515
54000000	78000000	1800.6359
55000000	78000000	2543.4717
56000000	78000000	3404.0635
57000000	78000000	3472.927
58000000	78000000	2759.7378
59000000	78000000	2279.5374
60000000	78000000	2752.4353
61000000	78000000	3416.995
62000000	78000000	3974.2136
63000000	78000000	2761.4377
64000000	78000000	2571.4126
65000000	78000000	3565.386
66000000	78000000	3245.7898
67000000	78000000	2533.854
68000000	78000000	2186.5852
69000000	78000000	2320.3174
70000000	78000000	3186.1118
71000000	78000000	5556.372
72000000	78000000	10087.328
73000000	78000000	12124.182
74000000	78000000	20112.512
75000000	78000000	26612.479
76000000	78000000	42042.367
77000000	78000000	133776.42
78000000	78000000	795751.8
0	79000000	4905.1934
1000000	79000000	6303.801
2000000	79000000	4024.9863
3000000	79000000	3304.5964
4000000	79000000	5092.1094
5000000	79000000	2954.317
6000000	79000000	2959.374
7000000	79000000	6153.783
8000000	79000000	3100.4473
9000000	79000000	1140.2954
10000000	79000000	656.461
11000000	79000000	413.3281
12000000	79000000	529.14246
13000000	79000000	347.56357
14000000	79000000	363.0673
15000000	79000000	669.46136
16000000	79000000	1705.3291
17000000	79000000	2223.671
18000000	79000000	2228.0657
19000000	79000000	1294.5712
20000000	79000000	908.7651
21000000	79000000	622.88654
22000000	79000000	231.95432
25000000	79000000	1011.20776
26000000	79000000	2489.622
27000000	79000000	4016.7498
28000000	79000000	2224.5376
29000000	79000000	2405.809
30000000	79000000	2366.5388
31000000	79000000	1346.9243
32000000	79000000	1275.7677
33000000	79000000	1883.0427
34000000	79000000	2352.885
35000000	79000000	2792.821
36000000	79000000	4432.9277
37000000	79000000	4191.109
38000000	79000000	3527.5547
39000000	79000000	2976.2773
40000000	79000000	5735.9053
41000000	79000000	5103.8003
42000000	79000000	6159.476
43000000	79000000	4463.7407
44000000	79000000	2842.1702
45000000	79000000	3500.4712
46000000	79000000	2979.276
47000000	79000000	3664.9988
48000000	79000000	3897.771
49000000	79000000	1503.1304
50000000	79000000	674.5866
51000000	79000000	541.869
52000000	79000000	581.8394
53000000	79000000	1153.5905
54000000	79000000	1265.5874
55000000	79000000	2085.2039
56000000	79000000	3076.4927
57000000	79000000	3001.6323
58000000	79000000	2261.6157
59000000	79000000	1786.5046
60000000	79000000	2075.2449
61000000	79000000	3057.5679
62000000	79000000	3772.2314
63000000	79000000	2114.607
64000000	79000000	1948.6636
65000000	79000000	2933.4514
66000000	79000000	2555.7346
67000000	79000000	1888.7476
68000000	79000000	1685.2234
69000000	79000000	1702.1167
70000000	79000000	2378.5686
71000000	79000000	3895.7605
72000000	79000000	7860.633
73000000	79000000	15211.01
74000000	79000000	17970.107
75000000	79000000	18161.92
76000000	79000000	26729.38
77000000	79000000	44373.5
78000000	79000000	161505.56
79000000	79000000	794037.25
0	80000000	12985.907
1000000	80000000	7880.5903
2000000	80000000	4374.6274
3000000	80000000	3536.4612
4000000	80000000	4568.0864
5000000	80000000	2860.909
6000000	80000000	2764.344
7000000	80000000	4917.3345
8000000	80000000	2860.8997
9000000	80000000	1303.873
10000000	80000000	801.741
11000000	80000000	541.431
12000000	80000000	702.1861
13000000	80000000	468.73993
14000000	80000000	504.5978
15000000	80000000	831.07434
16000000	80000000	1898.8812
17000000	80000000	2166.5713
18000000	80000000	2367.5388
19000000	80000000	1522.8301
20000000	80000000	1092.4951
21000000	80000000	899.5615
22000000	80000000	240.61989
25000000	80000000	1340.4618
26000000	80000000	2613.6252
27000000	80000000	3548.5315
28000000	80000000	2267.2314
29000000	80000000	2403.5393
30000000	80000000	2341.02
31000000	80000000	1323.8369
32000000	80000000	1220.099
33000000	80000000	1946.7843
34000000	80000000	2169.5452
35000000	80000000	2596.3179
36000000	80000000	3641.9724
37000000	80000000	3800.4548
38000000	80000000	3231.823
39000000	80000000	2553.9316
40000000	80000000	5092.663
41000000	80000000	4646.7812
42000000	80000000	4986.3154
43000000	80000000	3783.7378
44000000	80000000	2779.991
45000000	80000000	3291.6082
46000000	80000000	2749.3162
47000000	80000000	3391.5242
48000000	80000000	3497.223
49000000	80000000	1753.923
50000000	80000000	723.9771
51000000	80000000	652.96466
52000000	80000000	782.18567
53000000	80000000	1441.0988
54000000	80000000	1455.6034
55000000	80000000	2188.0386
56000000	80000000	3084.3684
57000000	80000000	3109.6558
58000000	80000000	2530.2852
59000000	80000000	1822.3982
60000000	80000000	2267.6392
61000000	80000000	2913.2585
62000000	80000000	3679.6963
63000000	80000000	2239.7239
64000000	80000000	2021.4435
65000000	80000000	3157.9104
66000000	80000000	2773.7632
67000000	80000000	2093.2622
68000000	80000000	1784.899
69000000	80000000	1751.7303
70000000	80000000	2507.086
71000000	80000000	3690.5554
72000000	80000000	6564.094
73000000	80000000	10979.997
74000000	80000000	10768.898
75000000	80000000	10069.88
76000000	80000000	13354.665
77000000	80000000	14745.315
78000000	80000000	25402.209
79000000	80000000	144536.48
80000000	80000000	751113.25
0	81000000	14175.647
1000000	81000000	3240.5562
2000000	81000000	2053.3787
3000000	81000000	1875.5875
4000000	81000000	1767.9735
5000000	81000000	1724.2474
6000000	81000000	1857.597
7000000	81000000	1651.3286
8000000	81000000	1217.831
9000000	81000000	921.07166
10000000	81000000	629.53296
11000000	81000000	572.6713
12000000	81000000	572.5424
13000000	81000000	461.77274
14000000	81000000	411.42743
15000000	81000000	717.63806
16000000	81000000	897.358
17000000	81000000	1086.8431
18000000	81000000	1188.1077
19000000	81000000	892.0062
20000000	81000000	641.42377
21000000	81000000	767.69885
22000000	81000000	467.45544
25000000	81000000	872.9564
26000000	81000000	1309.669
27000000	81000000	1495.4271
28000000	81000000	923.9367
29000000	81000000	1072.3627
30000000	81000000	1156.1252
31000000	81000000	1016.8275
32000000	81000000	1115.3258
33000000	81000000	1119.3834
34000000	81000000	1136.1914
35000000	81000000	1504.9017
36000000	81000000	1518.8851
37000000	81000000	1743.4061
38000000	81000000	1371.1909
39000000	81000000	1634.1749
40000000	81000000	1673.6376
41000000	81000000	2479.4019
42000000	81000000	2208.8083
43000000	81000000	1793.8502
44000000	81000000	1545.8466
45000000	81000000	1410.8937
46000000	81000000	1200.8217
47000000	81000000	1510.8518
48000000	81000000	1791.7083
49000000	81000000	1229.7294
50000000	81000000	685.53516
51000000	81000000	618.9143
52000000	81000000	721.1341
53000000	81000000	867.85297
54000000	81000000	1136.1439
55000000	81000000	1216.4532
56000000	81000000	1485.7855
57000000	81000000	1357.7977
58000000	81000000	1242.5208
59000000	81000000	1141.4338
60000000	81000000	1210.1277
61000000	81000000	1587.8492
62000000	81000000	1657.6136
63000000	81000000	1499.0371
64000000	81000000	1436.4042
65000000	81000000	1723.8163
66000000	81000000	1664.0237
67000000	81000000	1351.2635
68000000	81000000	1361.4567
69000000	81000000	1608.4591
70000000	81000000	1813.9347
71000000	81000000	2948.8525
72000000	81000000	4075.462
73000000	81000000	3627.305
74000000	81000000	4655.0513
75000000	81000000	5558.697
76000000	81000000	6006.634
77000000	81000000	9559.558
78000000	81000000	11215.327
79000000	81000000	21396.986
80000000	81000000	258227.25
81000000	81000000	999210.7
