20000000	20000000	705758.8
20000000	21000000	101755.62
21000000	21000000	893707.5
20000000	22000000	116071.93
21000000	22000000	88768.75
22000000	22000000	582926.06
20000000	23000000	39001.01
21000000	23000000	33115.023
22000000	23000000	134699.97
23000000	23000000	545766.1
20000000	24000000	33794.523
21000000	24000000	12207.677
22000000	24000000	26185.719
23000000	24000000	128533.61
24000000	24000000	538145.3
20000000	25000000	24925.156
21000000	25000000	12193.05
22000000	25000000	28103.713
23000000	25000000	70200.24
24000000	25000000	166737.64
25000000	25000000	508545.75
20000000	26000000	26043.87
21000000	26000000	9214.116
22000000	26000000	19877.367
23000000	26000000	54218.98
24000000	26000000	104228.086
25000000	26000000	159732.64
26000000	26000000	514374.0
20000000	27000000	27509.777
21000000	27000000	7142.9673
22000000	27000000	13494.874
23000000	27000000	37879.715
24000000	27000000	67599.75
25000000	27000000	61263.664
26000000	27000000	125172.41
27000000	27000000	540274.3
20000000	28000000	19127.682
21000000	28000000	8686.7
22000000	28000000	21137.643
23000000	28000000	28786.873
24000000	28000000	33840.6
25000000	28000000	40208.246
26000000	28000000	53463.754
27000000	28000000	159374.0
28000000	28000000	589044.9
20000000	29000000	13782.629
21000000	29000000	8513.952
22000000	29000000	15916.829
23000000	29000000	16397.377
24000000	29000000	15823.513
25000000	29000000	20262.012
26000000	29000000	23809.045
27000000	29000000	38338.332
28000000	29000000	67917.305
29000000	29000000	562700.7
20000000	30000000	10709.986
21000000	30000000	5208.152
22000000	30000000	10420.877
23000000	30000000	11899.008
24000000	30000000	12893.555
25000000	30000000	13584.457
26000000	30000000	17110.459
27000000	30000000	26980.0
28000000	30000000	32259.193
29000000	30000000	171966.97
30000000	30000000	642345.06
20000000	31000000	4324.293
21000000	31000000	4733.74
22000000	31000000	9431.754
23000000	31000000	7393.5063
24000000	31000000	3580.2288
25000000	31000000	6458.4146
26000000	31000000	5673.441
27000000	31000000	5446.8716
28000000	31000000	12471.654
29000000	31000000	24196.133
30000000	31000000	51122.734
31000000	31000000	707881.25
20000000	32000000	7011.71
21000000	32000000	4886.3696
22000000	32000000	9560.564
23000000	32000000	8263.052
24000000	32000000	7151.446
25000000	32000000	8738.483
26000000	32000000	10249.373
27000000	32000000	12603.566
28000000	32000000	16377.573
29000000	32000000	38388.668
30000000	32000000	49969.996
31000000	32000000	117462.766
32000000	32000000	616317.2
20000000	33000000	5752.1357
21000000	33000000	4397.2803
22000000	33000000	8027.6514
23000000	33000000	6125.3154
24000000	33000000	4773.6436
25000000	33000000	5693.1743
26000000	33000000	6469.2837
27000000	33000000	6707.8325
28000000	33000000	9829.987
29000000	33000000	19459.768
30000000	33000000	20752.53
31000000	33000000	36706.406
32000000	33000000	106916.79
33000000	33000000	606138.56
20000000	34000000	4376.6143
21000000	34000000	3942.7417
22000000	34000000	8242.496
23000000	34000000	5929.009
24000000	34000000	3438.5352
25000000	34000000	5142.0103
26000000	34000000	4652.688
27000000	34000000	4363.052
28000000	34000000	8550.614
29000000	34000000	12903.984
30000000	34000000	12072.628
31000000	34000000	25331.576
32000000	34000000	28359.24
33000000	34000000	123926.76
34000000	34000000	612199.94
20000000	35000000	5151.546
21000000	35000000	4279.7476
22000000	35000000	8676.255
23000000	35000000	6245.049
24000000	35000000	4677.458
25000000	35000000	6948.918
26000000	35000000	5861.68
27000000	35000000	5800.7925
28000000	35000000	9233.042
29000000	35000000	12305.742
30000000	35000000	10724.472
31000000	35000000	15666.778
32000000	35000000	17009.44
33000000	35000000	32067.844
34000000	35000000	107808.94
35000000	35000000	526614.06
20000000	36000000	7343.9014
21000000	36000000	4667.334
22000000	36000000	7441.89
23000000	36000000	7013.11
24000000	36000000	7565.722
25000000	36000000	8108.0576
26000000	36000000	8737.029
27000000	36000000	9836.952
28000000	36000000	9633.035
29000000	36000000	12495.912
30000000	36000000	11918.133
31000000	36000000	8805.539
32000000	36000000	13555.8
33000000	36000000	19312.803
34000000	36000000	25344.564
35000000	36000000	145805.28
36000000	36000000	530055.75
20000000	37000000	8049.599
21000000	37000000	4494.9453
22000000	37000000	7567.763
23000000	37000000	7636.9526
24000000	37000000	9063.751
25000000	37000000	8811.403
26000000	37000000	10108.31
27000000	37000000	11661.741
28000000	37000000	10927.541
29000000	37000000	12297.674
30000000	37000000	11440.806
31000000	37000000	9037.501
32000000	37000000	12610.888
33000000	37000000	15846.881
34000000	37000000	20889.062
35000000	37000000	77717.65
36000000	37000000	181792.62
37000000	37000000	528896.1
20000000	38000000	5255.7705
21000000	38000000	4637.348
22000000	38000000	7932.169
23000000	38000000	6134.779
24000000	38000000	4674.2207
25000000	38000000	6117.715
26000000	38000000	5902.586
27000000	38000000	5558.9077
28000000	38000000	7523.7695
29000000	38000000	10433.449
30000000	38000000	8598.329
31000000	38000000	11560.34
32000000	38000000	11250.754
33000000	38000000	15490.667
34000000	38000000	20267.182
35000000	38000000	44164.8
36000000	38000000	55707.105
37000000	38000000	97655.234
38000000	38000000	572268.4
20000000	39000000	4933.192
21000000	39000000	3398.1072
22000000	39000000	6558.3965
23000000	39000000	5231.9844
24000000	39000000	4301.2964
25000000	39000000	5208.5283
26000000	39000000	5385.689
27000000	39000000	5149.3745
28000000	39000000	6592.209
29000000	39000000	10401.583
30000000	39000000	8623.043
31000000	39000000	9574.718
32000000	39000000	12127.433
33000000	39000000	17143.242
34000000	39000000	16807.904
35000000	39000000	23005.195
36000000	39000000	24594.162
37000000	39000000	31140.291
38000000	39000000	118893.38
39000000	39000000	625596.9
20000000	40000000	1655.9115
21000000	40000000	1724.1868
22000000	40000000	4131.532
23000000	40000000	3100.2065
24000000	40000000	1274.9575
25000000	40000000	2002.778
26000000	40000000	1747.2878
27000000	40000000	1546.6704
28000000	40000000	3085.2886
29000000	40000000	3783.9634
30000000	40000000	3401.728
31000000	40000000	10509.687
32000000	40000000	5001.5264
33000000	40000000	7422.279
34000000	40000000	13409.772
35000000	40000000	11697.088
36000000	40000000	7762.0586
37000000	40000000	10550.683
38000000	40000000	36931.816
39000000	40000000	91990.76
40000000	40000000	671979.8
20000000	41000000	967.5646
21000000	41000000	719.21027
22000000	41000000	2343.0012
23000000	41000000	1997.0542
24000000	41000000	869.5318
25000000	41000000	1363.102
26000000	41000000	1139.3732
27000000	41000000	1082.2382
28000000	41000000	1796.2255
29000000	41000000	2032.1396
30000000	41000000	2014.7037
31000000	41000000	5908.3223
32000000	41000000	2634.8613
33000000	41000000	3697.3696
34000000	41000000	7014.427
35000000	41000000	4909.196
36000000	41000000	3199.3787
37000000	41000000	4207.399
38000000	41000000	8364.949
39000000	41000000	9570.216
40000000	41000000	134503.8
41000000	41000000	711424.06
20000000	42000000	1107.79
21000000	42000000	1013.1412
22000000	42000000	2176.4897
23000000	42000000	1674.7515
24000000	42000000	781.66785
25000000	42000000	1215.5228
26000000	42000000	1103.3551
27000000	42000000	985.0288
28000000	42000000	1746.8152
29000000	42000000	2080.4368
30000000	42000000	1923.0703
31000000	42000000	5133.264
32000000	42000000	2689.7803
33000000	42000000	3822.1958
34000000	42000000	6059.593
35000000	42000000	4304.7246
36000000	42000000	2955.9067
37000000	42000000	3587.3906
38000000	42000000	6383.81
39000000	42000000	7549.98
40000000	42000000	27706.434
41000000	42000000	149860.47
42000000	42000000	686444.1
20000000	43000000	1013.5794
21000000	43000000	881.7522
22000000	43000000	2185.8303
23000000	43000000	1703.0085
24000000	43000000	798.4854
25000000	43000000	1232.3339
26000000	43000000	1061.1687
27000000	43000000	993.5362
28000000	43000000	1713.4153
29000000	43000000	2049.4749
30000000	43000000	1794.3048
31000000	43000000	5165.5547
32000000	43000000	2591.1658
33000000	43000000	3753.7083
34000000	43000000	6118.5767
35000000	43000000	4327.189
36000000	43000000	2916.8254
37000000	43000000	3426.0974
38000000	43000000	5845.869
39000000	43000000	6612.417
40000000	43000000	20993.553
41000000	43000000	46662.043
42000000	43000000	176598.66
43000000	43000000	736846.7
20000000	44000000	1500.4712
21000000	44000000	1585.4601
22000000	44000000	3435.7622
23000000	44000000	2682.7786
24000000	44000000	1161.1395
25000000	44000000	1866.5349
26000000	44000000	1545.4202
27000000	44000000	1214.884
28000000	44000000	2496.0613
29000000	44000000	3197.241
30000000	44000000	2820.3477
31000000	44000000	7465.4424
32000000	44000000	4023.3013
33000000	44000000	5635.6113
34000000	44000000	8312.483
35000000	44000000	6436.24
36000000	44000000	4063.6538
37000000	44000000	4848.954
38000000	44000000	8139.272
39000000	44000000	9248.058
40000000	44000000	20450.297
41000000	44000000	26302.86
42000000	44000000	32809.805
43000000	44000000	80356.016
44000000	44000000	706321.0
20000000	45000000	3570.8057
21000000	45000000	3271.458
22000000	45000000	7684.752
23000000	45000000	5318.388
24000000	45000000	2523.0542
25000000	45000000	4877.913
26000000	45000000	3512.4277
27000000	45000000	2637.8054
28000000	45000000	5728.989
29000000	45000000	6877.346
30000000	45000000	4964.0728
31000000	45000000	10564.313
32000000	45000000	6550.7427
33000000	45000000	8127.985
34000000	45000000	11705.909
35000000	45000000	11542.636
36000000	45000000	7918.857
37000000	45000000	9196.018
38000000	45000000	13799.657
39000000	45000000	13114.157
40000000	45000000	16553.965
41000000	45000000	12451.581
42000000	45000000	13373.953
43000000	45000000	18803.666
44000000	45000000	125389.336
45000000	45000000	599141.25
20000000	46000000	12012.929
21000000	46000000	3811.1475
22000000	46000000	7155.679
23000000	46000000	9885.9795
24000000	46000000	15331.825
25000000	46000000	12886.436
26000000	46000000	15179.373
27000000	46000000	18137.305
28000000	46000000	12735.54
29000000	46000000	10346.455
30000000	46000000	9639.999
31000000	46000000	3979.6094
32000000	46000000	7796.8945
33000000	46000000	6778.388
34000000	46000000	5372.726
35000000	46000000	8901.378
36000000	46000000	14007.962
37000000	46000000	16581.812
38000000	46000000	10638.749
39000000	46000000	11234.648
40000000	46000000	3392.7922
41000000	46000000	2166.9402
42000000	46000000	2827.9868
43000000	46000000	3410.9375
44000000	46000000	6475.756
45000000	46000000	47183.094
46000000	46000000	555302.56
20000000	47000000	9953.439
21000000	47000000	3808.1494
22000000	47000000	6240.82
23000000	47000000	9080.47
24000000	47000000	13207.917
25000000	47000000	10841.108
26000000	47000000	12974.644
27000000	47000000	15465.426
28000000	47000000	10414.651
29000000	47000000	9257.888
30000000	47000000	8304.225
31000000	47000000	3668.5137
32000000	47000000	6969.1333
33000000	47000000	6114.969
34000000	47000000	4794.964
35000000	47000000	7888.5415
36000000	47000000	12260.365
37000000	47000000	13835.68
38000000	47000000	8922.736
39000000	47000000	9280.168
40000000	47000000	2839.662
41000000	47000000	1924.0992
42000000	47000000	2200.7727
43000000	47000000	2594.4421
44000000	47000000	4885.48
45000000	47000000	21592.646
46000000	47000000	199285.23
47000000	47000000	537317.9
20000000	48000000	5438.464
21000000	48000000	4367.3203
22000000	48000000	7865.1763
23000000	48000000	6041.4707
24000000	48000000	4297.822
25000000	48000000	6414.943
26000000	48000000	5267.9873
27000000	48000000	4775.001
28000000	48000000	7048.0767
29000000	48000000	7979.1396
30000000	48000000	6025.7554
31000000	48000000	6579.462
32000000	48000000	6986.719
33000000	48000000	7074.7153
34000000	48000000	7910.6606
35000000	48000000	10212.816
36000000	48000000	9566.896
37000000	48000000	10442.261
38000000	48000000	11207.234
39000000	48000000	10343.322
40000000	48000000	6057.9653
41000000	48000000	3461.748
42000000	48000000	3741.3389
43000000	48000000	4310.9424
44000000	48000000	8543.985
45000000	48000000	35553.74
46000000	48000000	61618.066
47000000	48000000	130981.51
48000000	48000000	498872.44
20000000	49000000	3555.2615
21000000	49000000	3039.242
22000000	49000000	5821.4414
23000000	49000000	4370.8955
24000000	49000000	2770.493
25000000	49000000	4667.4507
26000000	49000000	3423.6467
27000000	49000000	2838.1138
28000000	49000000	4856.4575
29000000	49000000	5768.4727
30000000	49000000	4473.369
31000000	49000000	6142.654
32000000	49000000	5290.664
33000000	49000000	5763.714
34000000	49000000	7513.0005
35000000	49000000	8728.623
36000000	49000000	7099.7183
37000000	49000000	7785.3823
38000000	49000000	8763.239
39000000	49000000	8131.4136
40000000	49000000	6472.3623
41000000	49000000	4126.7427
42000000	49000000	4174.4995
43000000	49000000	4785.3105
44000000	49000000	8790.688
45000000	49000000	24219.127
46000000	49000000	21134.947
47000000	49000000	27519.232
48000000	49000000	140468.72
49000000	49000000	553959.94
20000000	50000000	3170.4353
21000000	50000000	2274.5146
22000000	50000000	5030.814
23000000	50000000	4008.8071
24000000	50000000	2770.2969
25000000	50000000	3718.1624
26000000	50000000	3163.1465
27000000	50000000	2829.7815
28000000	50000000	4170.862
29000000	50000000	5066.276
30000000	50000000	4087.0813
31000000	50000000	5966.1616
32000000	50000000	4861.744
33000000	50000000	5780.074
34000000	50000000	7170.0938
35000000	50000000	7411.9336
36000000	50000000	6284.3174
37000000	50000000	6787.0635
38000000	50000000	7946.9395
39000000	50000000	7699.4
40000000	50000000	7462.5757
41000000	50000000	5311.242
42000000	50000000	4879.94
43000000	50000000	5689.5566
44000000	50000000	10026.845
45000000	50000000	18540.309
46000000	50000000	16507.795
47000000	50000000	20606.057
48000000	50000000	49774.71
49000000	50000000	162624.14
50000000	50000000	546074.2
20000000	51000000	2520.3643
21000000	51000000	2099.211
22000000	51000000	4595.6597
23000000	51000000	3339.6492
24000000	51000000	1686.0825
25000000	51000000	2720.0862
26000000	51000000	2248.5774
27000000	51000000	1813.201
28000000	51000000	3432.2231
29000000	51000000	4599.284
30000000	51000000	3604.591
31000000	51000000	7030.4487
32000000	51000000	5148.8467
33000000	51000000	6676.515
34000000	51000000	7836.9985
35000000	51000000	6995.3857
36000000	51000000	4808.471
37000000	51000000	5240.3286
38000000	51000000	7082.01
39000000	51000000	7872.8384
40000000	51000000	8047.3706
41000000	51000000	6236.196
42000000	51000000	6220.8706
43000000	51000000	7055.456
44000000	51000000	12002.505
45000000	51000000	17204.096
46000000	51000000	7709.71
47000000	51000000	8636.073
48000000	51000000	21850.828
49000000	51000000	39353.402
50000000	51000000	136629.16
51000000	51000000	574332.3
20000000	52000000	1741.1329
21000000	52000000	1916.1167
22000000	52000000	4585.376
23000000	52000000	3422.491
24000000	52000000	993.08466
25000000	52000000	2119.1658
26000000	52000000	1464.407
27000000	52000000	1052.176
28000000	52000000	2933.774
29000000	52000000	3404.487
30000000	52000000	2659.3843
31000000	52000000	7584.154
32000000	52000000	3512.618
33000000	52000000	4711.9316
34000000	52000000	7285.3486
35000000	52000000	6330.2046
36000000	52000000	3745.9827
37000000	52000000	4755.247
38000000	52000000	7282.811
39000000	52000000	5297.9253
40000000	52000000	9286.497
41000000	52000000	6580.674
42000000	52000000	5592.9346
43000000	52000000	6406.282
44000000	52000000	9912.581
45000000	52000000	14377.396
46000000	52000000	4178.6226
47000000	52000000	4609.4697
48000000	52000000	13628.557
49000000	52000000	18417.951
50000000	52000000	28021.586
51000000	52000000	107240.16
52000000	52000000	652030.5
20000000	53000000	5734.6147
21000000	53000000	3797.3538
22000000	53000000	6160.0674
23000000	53000000	5075.925
24000000	53000000	4922.5195
25000000	53000000	4898.9927
26000000	53000000	5422.9595
27000000	53000000	5535.7905
28000000	53000000	5941.6733
29000000	53000000	8324.4375
30000000	53000000	7527.0337
31000000	53000000	4528.031
32000000	53000000	7662.352
33000000	53000000	8643.3955
34000000	53000000	6080.773
35000000	53000000	7612.3613
36000000	53000000	9205.952
37000000	53000000	9015.747
38000000	53000000	8340.466
39000000	53000000	9933.745
40000000	53000000	3110.1418
41000000	53000000	1801.5361
42000000	53000000	2027.3068
43000000	53000000	2215.4084
44000000	53000000	3539.562
45000000	53000000	7947.206
46000000	53000000	15069.341
47000000	53000000	16428.13
48000000	53000000	16428.457
49000000	53000000	16426.559
50000000	53000000	18679.713
51000000	53000000	29341.922
52000000	53000000	94413.09
53000000	53000000	568439.7
20000000	54000000	5622.308
21000000	54000000	2497.4424
22000000	54000000	4112.732
23000000	54000000	4945.019
24000000	54000000	6360.9253
25000000	54000000	6114.627
26000000	54000000	6528.8564
27000000	54000000	7266.508
28000000	54000000	5685.5435
29000000	54000000	5849.063
30000000	54000000	5053.016
31000000	54000000	3526.1802
32000000	54000000	4437.826
33000000	54000000	4244.383
34000000	54000000	3925.714
35000000	54000000	5264.554
36000000	54000000	7018.4385
37000000	54000000	7718.1772
38000000	54000000	5815.469
39000000	54000000	5522.019
40000000	54000000	2873.993
41000000	54000000	1902.9773
42000000	54000000	1884.4812
43000000	54000000	2047.0082
44000000	54000000	3241.9695
45000000	54000000	6017.5195
46000000	54000000	15120.79
47000000	54000000	15474.378
48000000	54000000	10099.849
49000000	54000000	9573.38
50000000	54000000	10125.541
51000000	54000000	11836.579
52000000	54000000	20510.389
53000000	54000000	83329.03
54000000	54000000	601342.9
20000000	55000000	4362.869
21000000	55000000	2860.986
22000000	55000000	5305.0005
23000000	55000000	4491.6167
24000000	55000000	3982.451
25000000	55000000	5010.0615
26000000	55000000	4445.7217
27000000	55000000	4477.679
28000000	55000000	5235.8403
29000000	55000000	5775.741
30000000	55000000	4590.066
31000000	55000000	4786.5454
32000000	55000000	4862.503
33000000	55000000	5026.7207
34000000	55000000	5255.432
35000000	55000000	6329.3516
36000000	55000000	6145.429
37000000	55000000	6635.072
38000000	55000000	6585.892
39000000	55000000	6009.104
40000000	55000000	3799.753
41000000	55000000	2398.5388
42000000	55000000	2423.5017
43000000	55000000	2640.2783
44000000	55000000	4302.778
45000000	55000000	8443.929
46000000	55000000	10704.223
47000000	55000000	10571.77
48000000	55000000	11125.299
49000000	55000000	11118.092
50000000	55000000	10980.471
51000000	55000000	14143.007
52000000	55000000	25341.732
53000000	55000000	52358.977
54000000	55000000	214337.03
55000000	55000000	512645.9
20000000	56000000	3160.409
21000000	56000000	2531.1838
22000000	56000000	4427.451
23000000	56000000	3186.9504
24000000	56000000	2335.0168
25000000	56000000	3560.1296
26000000	56000000	2987.6506
27000000	56000000	2490.168
28000000	56000000	3709.3857
29000000	56000000	4963.6523
30000000	56000000	3986.2678
31000000	56000000	5144.886
32000000	56000000	4743.314
33000000	56000000	5655.0054
34000000	56000000	6113.43
35000000	56000000	6470.4365
36000000	56000000	5171.189
37000000	56000000	5253.9443
38000000	56000000	6103.4365
39000000	56000000	6397.755
40000000	56000000	4205.7065
41000000	56000000	2907.0837
42000000	56000000	2987.8262
43000000	56000000	3371.1062
44000000	56000000	5223.2637
45000000	56000000	8625.317
46000000	56000000	6846.324
47000000	56000000	6650.9956
48000000	56000000	9222.612
49000000	56000000	9875.702
50000000	56000000	9721.142
51000000	56000000	14617.078
52000000	56000000	17455.75
53000000	56000000	27182.482
54000000	56000000	29395.68
55000000	56000000	103598.195
56000000	56000000	562215.8
20000000	57000000	1785.4932
21000000	57000000	1726.1123
22000000	57000000	3200.282
23000000	57000000	2276.6294
24000000	57000000	1118.2535
25000000	57000000	1903.3422
26000000	57000000	1610.5173
27000000	57000000	1245.9673
28000000	57000000	2372.615
29000000	57000000	3434.0999
30000000	57000000	2847.406
31000000	57000000	5098.1265
32000000	57000000	3962.8696
33000000	57000000	5015.1978
34000000	57000000	5444.6206
35000000	57000000	4777.483
36000000	57000000	3190.2056
37000000	57000000	3607.679
38000000	57000000	4828.98
39000000	57000000	5157.755
40000000	57000000	5098.1406
41000000	57000000	3639.5674
42000000	57000000	3729.2349
43000000	57000000	4063.735
44000000	57000000	5935.1714
45000000	57000000	7670.1543
46000000	57000000	3778.5078
47000000	57000000	3770.4065
48000000	57000000	6356.248
49000000	57000000	6629.6377
50000000	57000000	7412.5537
51000000	57000000	11619.291
52000000	57000000	14511.869
53000000	57000000	13435.687
54000000	57000000	12417.16
55000000	57000000	23742.598
56000000	57000000	154628.86
57000000	57000000	609062.3
20000000	58000000	1705.4176
21000000	58000000	1670.4636
22000000	58000000	2705.3645
23000000	58000000	2016.0574
24000000	58000000	1327.0692
25000000	58000000	1744.9333
26000000	58000000	1690.1305
27000000	58000000	1371.1207
28000000	58000000	2167.497
29000000	58000000	3427.3284
30000000	58000000	2838.0754
31000000	58000000	4149.5586
32000000	58000000	3989.7393
33000000	58000000	5105.3984
34000000	58000000	4652.346
35000000	58000000	4027.1497
36000000	58000000	3162.5325
37000000	58000000	3191.378
38000000	58000000	3917.5076
39000000	58000000	5109.6465
40000000	58000000	4044.5608
41000000	58000000	3250.6208
42000000	58000000	3458.7163
43000000	58000000	3670.9248
44000000	58000000	5089.4478
45000000	58000000	5751.8105
46000000	58000000	3638.574
47000000	58000000	3709.424
48000000	58000000	5178.711
49000000	58000000	5218.336
50000000	58000000	5651.433
51000000	58000000	8938.652
52000000	58000000	8724.44
53000000	58000000	12166.017
54000000	58000000	8576.301
55000000	58000000	13392.006
56000000	58000000	31816.205
57000000	58000000	94138.08
58000000	58000000	584095.8
20000000	59000000	983.115
21000000	59000000	1024.048
22000000	59000000	2415.6384
23000000	59000000	1749.5791
24000000	59000000	555.54694
25000000	59000000	1022.49493
26000000	59000000	816.4152
27000000	59000000	570.8739
28000000	59000000	1615.378
29000000	59000000	1864.9071
30000000	59000000	1617.5731
31000000	59000000	4580.0547
32000000	59000000	2223.5464
33000000	59000000	3203.2488
34000000	59000000	4372.398
35000000	59000000	3294.664
36000000	59000000	1817.0737
37000000	59000000	2258.033
38000000	59000000	3570.501
39000000	59000000	3180.909
40000000	59000000	5877.8813
41000000	59000000	5176.138
42000000	59000000	4698.3813
43000000	59000000	5156.648
44000000	59000000	6593.593
45000000	59000000	6228.087
46000000	59000000	1804.9471
47000000	59000000	1792.6344
48000000	59000000	4057.3376
49000000	59000000	4846.3394
50000000	59000000	5757.682
51000000	59000000	7925.8286
52000000	59000000	11052.247
53000000	59000000	4884.439
54000000	59000000	5490.442
55000000	59000000	8607.575
56000000	59000000	15659.522
57000000	59000000	30794.223
58000000	59000000	165778.38
59000000	59000000	669966.9
20000000	60000000	2102.2483
21000000	60000000	1506.3782
22000000	60000000	2878.8855
23000000	60000000	1978.3114
24000000	60000000	1242.4232
25000000	60000000	1676.0209
26000000	60000000	1570.3315
27000000	60000000	1448.9081
28000000	60000000	2252.6777
29000000	60000000	3519.8508
30000000	60000000	3075.7336
31000000	60000000	4058.9783
32000000	60000000	4198.5186
33000000	60000000	5553.837
34000000	60000000	4414.725
35000000	60000000	3849.7532
36000000	60000000	3101.0352
37000000	60000000	3185.548
38000000	60000000	4042.0586
39000000	60000000	5172.1733
40000000	60000000	3529.575
41000000	60000000	2537.1997
42000000	60000000	2789.721
43000000	60000000	2994.1606
44000000	60000000	4275.321
45000000	60000000	5153.7437
46000000	60000000	3409.0818
47000000	60000000	3409.4797
48000000	60000000	4712.2607
49000000	60000000	4637.11
50000000	60000000	5100.8364
51000000	60000000	7223.879
52000000	60000000	6675.38
53000000	60000000	10575.067
54000000	60000000	6480.364
55000000	60000000	9314.185
56000000	60000000	14477.46
57000000	60000000	22070.816
58000000	60000000	45628.418
59000000	60000000	76279.62
60000000	60000000	543603.06
20000000	61000000	2440.0154
21000000	61000000	1817.9182
22000000	61000000	2843.8499
23000000	61000000	2264.401
24000000	61000000	1748.6392
25000000	61000000	2023.5104
26000000	61000000	2227.5767
27000000	61000000	2068.812
28000000	61000000	2595.281
29000000	61000000	4282.2197
30000000	61000000	3802.193
31000000	61000000	3290.449
32000000	61000000	4638.8325
33000000	61000000	5953.7583
34000000	61000000	3853.6846
35000000	61000000	3621.4524
36000000	61000000	3719.7676
37000000	61000000	3485.4739
38000000	61000000	3896.001
39000000	61000000	5549.5063
40000000	61000000	2595.7888
41000000	61000000	1860.6282
42000000	61000000	2252.873
43000000	61000000	2260.2158
44000000	61000000	3381.6506
45000000	61000000	3981.572
46000000	61000000	4404.8896
47000000	61000000	4355.3804
48000000	61000000	4708.3223
49000000	61000000	4213.415
50000000	61000000	4681.501
51000000	61000000	6023.458
52000000	61000000	4812.399
53000000	61000000	11888.321
54000000	61000000	6748.858
55000000	61000000	8151.8247
56000000	61000000	12049.053
57000000	61000000	15766.799
58000000	61000000	25994.549
59000000	61000000	22880.564
60000000	61000000	183192.6
61000000	61000000	540847.8
20000000	62000000	2247.4148
21000000	62000000	1700.38
22000000	62000000	3007.1858
23000000	62000000	2322.389
24000000	62000000	1533.4083
25000000	62000000	2046.2866
26000000	62000000	1883.9711
27000000	62000000	1763.2654
28000000	62000000	2706.638
29000000	62000000	3868.2878
30000000	62000000	3363.7834
31000000	62000000	3877.3284
32000000	62000000	4365.829
33000000	62000000	5484.4395
34000000	62000000	4397.7065
35000000	62000000	3899.7405
36000000	62000000	3308.613
37000000	62000000	3424.4692
38000000	62000000	3908.125
39000000	62000000	5334.4995
40000000	62000000	3255.5981
41000000	62000000	2464.6956
42000000	62000000	2904.8018
43000000	62000000	3101.459
44000000	62000000	4179.127
45000000	62000000	4830.1777
46000000	62000000	3761.5796
47000000	62000000	3694.6333
48000000	62000000	4734.533
49000000	62000000	4754.7485
50000000	62000000	5072.734
51000000	62000000	6743.164
52000000	62000000	5631.935
53000000	62000000	9803.419
54000000	62000000	5930.2876
55000000	62000000	8100.735
56000000	62000000	11380.437
57000000	62000000	14338.163
58000000	62000000	20920.885
59000000	62000000	19182.535
60000000	62000000	59891.21
61000000	62000000	128022.0
62000000	62000000	549694.2
20000000	63000000	1190.9624
21000000	63000000	1043.6824
22000000	63000000	1960.7971
23000000	63000000	1375.0126
24000000	63000000	731.6996
25000000	63000000	959.6317
26000000	63000000	901.9494
27000000	63000000	755.8862
28000000	63000000	1333.9255
29000000	63000000	2132.2427
30000000	63000000	1938.2158
31000000	63000000	3703.8843
32000000	63000000	2689.8467
33000000	63000000	3486.9023
34000000	63000000	3669.1155
35000000	63000000	2606.088
36000000	63000000	1762.7379
37000000	63000000	1897.777
38000000	63000000	2818.108
39000000	63000000	3395.7402
40000000	63000000	4600.308
41000000	63000000	4459.71
42000000	63000000	4404.4175
43000000	63000000	4473.376
44000000	63000000	5188.7026
45000000	63000000	4657.0864
46000000	63000000	1820.0688
47000000	63000000	1881.3488
48000000	63000000	3004.8455
49000000	63000000	3382.0635
50000000	63000000	4058.6912
51000000	63000000	5915.8887
52000000	63000000	6212.33
53000000	63000000	4962.2324
54000000	63000000	3692.6887
55000000	63000000	4748.371
56000000	63000000	6866.855
57000000	63000000	9899.363
58000000	63000000	12502.606
59000000	63000000	14426.679
60000000	63000000	23273.86
61000000	63000000	30218.2
62000000	63000000	112428.64
63000000	63000000	617271.75
20000000	64000000	397.08295
21000000	64000000	355.17557
22000000	64000000	1030.536
23000000	64000000	904.29254
24000000	64000000	347.36597
25000000	64000000	579.3946
26000000	64000000	388.63986
27000000	64000000	332.63507
28000000	64000000	671.904
29000000	64000000	781.6865
30000000	64000000	812.25946
31000000	64000000	2816.9182
32000000	64000000	999.3505
33000000	64000000	1356.7761
34000000	64000000	2340.2766
35000000	64000000	1440.1318
36000000	64000000	799.51263
37000000	64000000	1039.1493
38000000	64000000	1710.8463
39000000	64000000	1435.7327
40000000	64000000	5223.66
41000000	64000000	6718.6436
42000000	64000000	5678.68
43000000	64000000	5970.5244
44000000	64000000	5739.411
45000000	64000000	3548.1577
46000000	64000000	794.0792
47000000	64000000	854.6631
48000000	64000000	1814.7742
49000000	64000000	2300.0354
50000000	64000000	3174.5972
51000000	64000000	3903.0083
52000000	64000000	5621.794
53000000	64000000	1520.7887
54000000	64000000	2333.1863
55000000	64000000	2813.24
56000000	64000000	3601.7148
57000000	64000000	5333.1943
58000000	64000000	5584.094
59000000	64000000	10217.298
60000000	64000000	7002.4536
61000000	64000000	6139.769
62000000	64000000	13869.286
63000000	64000000	135426.17
64000000	64000000	747764.2
20000000	65000000	574.2143
21000000	65000000	412.3564
22000000	65000000	1040.6848
23000000	65000000	878.8807
24000000	65000000	320.07104
25000000	65000000	494.4164
26000000	65000000	442.56274
27000000	65000000	331.9894
28000000	65000000	720.44196
29000000	65000000	850.51746
30000000	65000000	682.57245
31000000	65000000	2311.8152
32000000	65000000	1109.7533
33000000	65000000	1512.6332
34000000	65000000	2178.642
35000000	65000000	1504.8405
36000000	65000000	833.36316
37000000	65000000	948.1584
38000000	65000000	1575.0486
39000000	65000000	1476.7819
40000000	65000000	4887.31
41000000	65000000	7027.663
42000000	65000000	6617.3735
43000000	65000000	6868.7334
44000000	65000000	5857.6567
45000000	65000000	3470.644
46000000	65000000	842.7177
47000000	65000000	821.3146
48000000	65000000	1749.9532
49000000	65000000	2321.2385
50000000	65000000	2997.1738
51000000	65000000	4190.075
52000000	65000000	4613.755
53000000	65000000	1704.6378
54000000	65000000	1952.4414
55000000	65000000	2506.2083
56000000	65000000	3190.216
57000000	65000000	4502.1377
58000000	65000000	5032.8403
59000000	65000000	7743.8706
60000000	65000000	6284.178
61000000	65000000	5890.0293
62000000	65000000	10558.551
63000000	65000000	29125.443
64000000	65000000	143217.7
65000000	65000000	687533.4
20000000	66000000	566.4272
21000000	66000000	487.33795
22000000	66000000	1153.0496
23000000	66000000	846.4481
24000000	66000000	398.2559
25000000	66000000	585.94244
26000000	66000000	462.25104
27000000	66000000	385.21637
28000000	66000000	753.1667
29000000	66000000	1096.906
30000000	66000000	885.13354
31000000	66000000	2512.562
32000000	66000000	1410.1656
33000000	66000000	2064.5745
34000000	66000000	2352.7227
35000000	66000000	1546.4843
36000000	66000000	925.115
37000000	66000000	1049.6865
38000000	66000000	1703.7649
39000000	66000000	1950.9893
40000000	66000000	4061.8423
41000000	66000000	4992.5503
42000000	66000000	5261.841
43000000	66000000	5261.1733
44000000	66000000	5170.0063
45000000	66000000	3372.527
46000000	66000000	981.5255
47000000	66000000	944.85315
48000000	66000000	1819.1814
49000000	66000000	2197.029
50000000	66000000	2622.7751
51000000	66000000	4218.9805
52000000	66000000	4208.12
53000000	66000000	2218.3062
54000000	66000000	2039.658
55000000	66000000	2688.6594
56000000	66000000	3513.72
57000000	66000000	4938.7
58000000	66000000	5715.1284
59000000	66000000	7074.578
60000000	66000000	7285.4424
61000000	66000000	7482.3
62000000	66000000	11583.059
63000000	66000000	19613.596
64000000	66000000	24988.564
65000000	66000000	155212.53
66000000	66000000	651561.44
20000000	67000000	641.1608
21000000	67000000	642.9169
22000000	67000000	1184.0703
23000000	67000000	850.2725
24000000	67000000	374.48492
25000000	67000000	572.0681
26000000	67000000	562.5393
27000000	67000000	443.22705
28000000	67000000	802.6902
29000000	67000000	1231.502
30000000	67000000	1008.29803
31000000	67000000	2553.4402
32000000	67000000	1628.0521
33000000	67000000	2332.2822
34000000	67000000	2456.1406
35000000	67000000	1681.5983
36000000	67000000	1093.6255
37000000	67000000	1169.5612
38000000	67000000	1860.3555
39000000	67000000	2272.3804
40000000	67000000	3346.6135
41000000	67000000	3454.3394
42000000	67000000	4051.116
43000000	67000000	3954.4473
44000000	67000000	4354.659
45000000	67000000	3306.2942
46000000	67000000	1046.8948
47000000	67000000	1151.826
48000000	67000000	1972.286
49000000	67000000	2295.461
50000000	67000000	2617.0999
51000000	67000000	4321.7783
52000000	67000000	3974.6335
53000000	67000000	2535.5322
54000000	67000000	2170.8845
55000000	67000000	2985.1338
56000000	67000000	3880.011
57000000	67000000	5081.7974
58000000	67000000	5907.8477
59000000	67000000	6534.26
60000000	67000000	7764.6523
61000000	67000000	7931.2563
62000000	67000000	11188.097
63000000	67000000	14516.402
64000000	67000000	13199.9
65000000	67000000	28752.611
66000000	67000000	129142.36
67000000	67000000	638678.1
20000000	68000000	844.5055
21000000	68000000	782.9953
22000000	68000000	1430.3639
23000000	68000000	1103.7549
24000000	68000000	559.70544
25000000	68000000	768.8606
26000000	68000000	720.27606
27000000	68000000	542.9492
28000000	68000000	998.1454
29000000	68000000	1457.0485
30000000	68000000	1292.0325
31000000	68000000	2744.7407
32000000	68000000	1782.4146
33000000	68000000	2651.6113
34000000	68000000	2745.0317
35000000	68000000	1893.9395
36000000	68000000	1291.6932
37000000	68000000	1393.921
38000000	68000000	2032.7528
39000000	68000000	2386.2375
40000000	68000000	3254.0623
41000000	68000000	3358.827
42000000	68000000	3525.208
43000000	68000000	3680.5002
44000000	68000000	4243.459
45000000	68000000	3673.4417
46000000	68000000	1352.643
47000000	68000000	1332.2427
48000000	68000000	2201.3218
49000000	68000000	2485.593
50000000	68000000	2856.27
51000000	68000000	4176.679
52000000	68000000	4234.019
53000000	68000000	3170.4216
54000000	68000000	2752.7961
55000000	68000000	3348.9624
56000000	68000000	4449.131
57000000	68000000	5745.865
58000000	68000000	6666.3203
59000000	68000000	6881.9204
60000000	68000000	8151.712
61000000	68000000	8454.982
62000000	68000000	11663.978
63000000	68000000	13281.728
64000000	68000000	11214.827
65000000	68000000	17074.818
66000000	68000000	37544.28
67000000	68000000	165332.39
68000000	68000000	606072.44
20000000	69000000	1115.5348
21000000	69000000	815.87305
22000000	69000000	1813.5115
23000000	69000000	1210.7869
24000000	69000000	694.425
25000000	69000000	1014.53455
26000000	69000000	968.8148
27000000	69000000	851.89594
28000000	69000000	1301.284
29000000	69000000	2041.352
30000000	69000000	1726.6498
31000000	69000000	2708.3318
32000000	69000000	2524.9011
33000000	69000000	3349.8855
34000000	69000000	2839.3557
35000000	69000000	2151.3943
36000000	69000000	1615.0719
37000000	69000000	1678.5824
38000000	69000000	2261.684
39000000	69000000	3001.0706
40000000	69000000	2677.971
41000000	69000000	2364.5486
42000000	69000000	2812.9272
43000000	69000000	2634.9343
44000000	69000000	3545.06
45000000	69000000	3326.4924
46000000	69000000	1745.3995
47000000	69000000	1559.0112
48000000	69000000	2458.449
49000000	69000000	2574.793
50000000	69000000	2774.658
51000000	69000000	4381.533
52000000	69000000	3540.347
53000000	69000000	4417.3975
54000000	69000000	2734.0125
55000000	69000000	3432.3467
56000000	69000000	4784.489
57000000	69000000	5934.6807
58000000	69000000	7155.242
59000000	69000000	5925.3223
60000000	69000000	9604.377
61000000	69000000	10749.498
62000000	69000000	13344.129
63000000	69000000	12336.038
64000000	69000000	6342.25
65000000	69000000	10474.016
66000000	69000000	20265.945
67000000	69000000	32722.143
68000000	69000000	117158.88
69000000	69000000	523847.28
20000000	70000000	1001.9623
21000000	70000000	946.3071
22000000	70000000	1582.4877
23000000	70000000	1116.5947
24000000	70000000	605.982
25000000	70000000	946.3205
26000000	70000000	897.41406
27000000	70000000	693.8904
28000000	70000000	1199.3745
29000000	70000000	1874.7866
30000000	70000000	1472.7021
31000000	70000000	2672.1072
32000000	70000000	2124.906
33000000	70000000	2888.7356
34000000	70000000	2503.6328
35000000	70000000	1951.963
36000000	70000000	1392.4572
37000000	70000000	1442.3214
38000000	70000000	2104.087
39000000	70000000	2545.8088
40000000	70000000	2511.8313
41000000	70000000	2199.8792
42000000	70000000	2679.008
43000000	70000000	2401.0962
44000000	70000000	3085.3691
45000000	70000000	3126.318
46000000	70000000	1508.9668
47000000	70000000	1395.1682
48000000	70000000	2294.8767
49000000	70000000	2310.2415
50000000	70000000	2530.859
51000000	70000000	3716.3147
52000000	70000000	3377.4773
53000000	70000000	3649.7402
54000000	70000000	2354.1804
55000000	70000000	3065.3538
56000000	70000000	4153.7725
57000000	70000000	5073.1567
58000000	70000000	5837.651
59000000	70000000	5559.2563
60000000	70000000	7372.4517
61000000	70000000	8070.5513
62000000	70000000	9432.286
63000000	70000000	9481.904
64000000	70000000	5559.5137
65000000	70000000	7919.404
66000000	70000000	13073.687
67000000	70000000	17574.373
68000000	70000000	28609.232
69000000	70000000	185477.73
70000000	70000000	631258.0
20000000	71000000	1894.9949
21000000	71000000	1027.7057
22000000	71000000	2141.131
23000000	71000000	1622.7051
24000000	71000000	1453.8176
25000000	71000000	1541.2546
26000000	71000000	1650.4645
27000000	71000000	1583.4265
28000000	71000000	1906.3079
29000000	71000000	3063.4888
30000000	71000000	2788.9185
31000000	71000000	2423.0403
32000000	71000000	3339.499
33000000	71000000	4126.6006
34000000	71000000	2941.4548
35000000	71000000	2791.536
36000000	71000000	2819.4873
37000000	71000000	2740.075
38000000	71000000	2751.2878
39000000	71000000	3898.0935
40000000	71000000	1934.231
41000000	71000000	1525.2377
42000000	71000000	1980.2559
43000000	71000000	1995.5612
44000000	71000000	2606.1257
45000000	71000000	2988.4753
46000000	71000000	3111.7498
47000000	71000000	3074.7744
48000000	71000000	3194.4688
49000000	71000000	2898.073
50000000	71000000	3083.6565
51000000	71000000	4085.7761
52000000	71000000	2735.0044
53000000	71000000	6647.6553
54000000	71000000	3618.207
55000000	71000000	4149.878
56000000	71000000	5745.287
57000000	71000000	6062.9995
58000000	71000000	7358.0576
59000000	71000000	4673.631
60000000	71000000	9719.351
61000000	71000000	12775.145
62000000	71000000	13304.837
63000000	71000000	8872.289
64000000	71000000	3567.3906
65000000	71000000	5502.755
66000000	71000000	9781.984
67000000	71000000	13929.705
68000000	71000000	22760.803
69000000	71000000	59798.992
70000000	71000000	97529.08
71000000	71000000	583146.25
20000000	72000000	1051.3429
21000000	72000000	909.0736
22000000	72000000	2025.0166
23000000	72000000	1332.9226
24000000	72000000	522.16095
25000000	72000000	997.7666
26000000	72000000	777.14087
27000000	72000000	604.51746
28000000	72000000	1354.1455
29000000	72000000	1768.4546
30000000	72000000	1429.5477
31000000	72000000	3185.3665
32000000	72000000	2028.7296
33000000	72000000	2641.4575
34000000	72000000	3271.8923
35000000	72000000	2590.1436
36000000	72000000	1688.1405
37000000	72000000	1801.7621
38000000	72000000	2505.0713
39000000	72000000	2571.0625
40000000	72000000	3714.7036
41000000	72000000	3586.944
42000000	72000000	3712.6953
43000000	72000000	3943.9214
44000000	72000000	4438.065
45000000	72000000	4251.512
46000000	72000000	1446.4615
47000000	72000000	1404.8584
48000000	72000000	2787.65
49000000	72000000	3116.4841
50000000	72000000	3375.6753
51000000	72000000	4453.6035
52000000	72000000	4906.1963
53000000	72000000	3117.561
54000000	72000000	2579.678
55000000	72000000	3699.7239
56000000	72000000	4846.441
57000000	72000000	5752.563
58000000	72000000	5631.352
59000000	72000000	6763.5894
60000000	72000000	7024.2827
61000000	72000000	6297.7603
62000000	72000000	8492.569
63000000	72000000	8510.046
64000000	72000000	6644.873
65000000	72000000	8331.694
66000000	72000000	10379.072
67000000	72000000	12496.833
68000000	72000000	16993.014
69000000	72000000	26643.516
70000000	72000000	32907.387
71000000	72000000	116262.87
72000000	72000000	638759.06
20000000	73000000	1379.5519
21000000	73000000	1085.2892
22000000	73000000	1910.7783
23000000	73000000	1306.7761
24000000	73000000	951.67303
25000000	73000000	1165.3821
26000000	73000000	1023.91266
27000000	73000000	936.73413
28000000	73000000	1499.0021
29000000	73000000	2388.288
30000000	73000000	1966.2532
31000000	73000000	2512.8413
32000000	73000000	3074.616
33000000	73000000	3861.946
34000000	73000000	3124.4229
35000000	73000000	2427.4565
36000000	73000000	2101.3145
37000000	73000000	2026.4027
38000000	73000000	2472.2205
39000000	73000000	3546.6401
40000000	73000000	2499.84
41000000	73000000	2243.98
42000000	73000000	2709.0166
43000000	73000000	2716.0574
44000000	73000000	3395.924
45000000	73000000	3270.0776
46000000	73000000	2034.6444
47000000	73000000	1942.8978
48000000	73000000	2743.484
49000000	73000000	2730.9226
50000000	73000000	2952.7832
51000000	73000000	4204.133
52000000	73000000	3095.0232
53000000	73000000	5254.5938
54000000	73000000	2763.2373
55000000	73000000	3496.1277
56000000	73000000	4705.672
57000000	73000000	5517.194
58000000	73000000	6730.58
59000000	73000000	4922.5312
60000000	73000000	8586.862
61000000	73000000	9927.814
62000000	73000000	11428.671
63000000	73000000	8534.778
64000000	73000000	3844.8352
65000000	73000000	6090.8765
66000000	73000000	9708.385
67000000	73000000	11940.171
68000000	73000000	15944.413
69000000	73000000	25327.764
70000000	73000000	22938.883
71000000	73000000	52414.094
72000000	73000000	108367.44
73000000	73000000	597869.94
20000000	74000000	678.3594
21000000	74000000	618.6528
22000000	74000000	1292.9728
23000000	74000000	887.501
24000000	74000000	418.97302
25000000	74000000	616.5697
26000000	74000000	587.2545
27000000	74000000	483.01935
28000000	74000000	898.93024
29000000	74000000	1297.0071
30000000	74000000	1124.1621
31000000	74000000	2674.3977
32000000	74000000	1657.7626
33000000	74000000	2315.5847
34000000	74000000	2464.398
35000000	74000000	1609.1284
36000000	74000000	1033.2701
37000000	74000000	1168.061
38000000	74000000	1751.1592
39000000	74000000	2163.3713
40000000	74000000	3863.5364
41000000	74000000	4217.9717
42000000	74000000	4228.4907
43000000	74000000	4098.973
44000000	74000000	4287.8823
45000000	74000000	3243.915
46000000	74000000	974.57855
47000000	74000000	905.29114
48000000	74000000	1766.0356
49000000	74000000	1928.7021
50000000	74000000	2376.1028
51000000	74000000	3622.5603
52000000	74000000	3604.6216
53000000	74000000	2497.3406
54000000	74000000	1752.8965
55000000	74000000	2292.74
56000000	74000000	3049.135
57000000	74000000	4126.59
58000000	74000000	4627.1357
59000000	74000000	4894.13
60000000	74000000	5466.5063
61000000	74000000	5385.3833
62000000	74000000	6346.7495
63000000	74000000	7630.439
64000000	74000000	6004.843
65000000	74000000	8052.371
66000000	74000000	10083.981
67000000	74000000	10371.108
68000000	74000000	12118.593
69000000	74000000	15269.732
70000000	74000000	15548.563
71000000	74000000	18862.787
72000000	74000000	31152.59
73000000	74000000	102604.18
74000000	74000000	634230.75
20000000	75000000	438.45987
21000000	75000000	381.78735
22000000	75000000	942.97296
23000000	75000000	757.27405
24000000	75000000	288.82635
25000000	75000000	435.26407
26000000	75000000	348.56412
27000000	75000000	285.6169
28000000	75000000	592.10504
29000000	75000000	690.5241
30000000	75000000	691.8488
31000000	75000000	2308.5845
32000000	75000000	909.41223
33000000	75000000	1220.9901
34000000	75000000	1957.7026
35000000	75000000	1131.669
36000000	75000000	671.6812
37000000	75000000	821.9058
38000000	75000000	1392.7352
39000000	75000000	1177.4061
40000000	75000000	4474.8228
41000000	75000000	6119.512
42000000	75000000	5326.5386
43000000	75000000	5262.5024
44000000	75000000	4750.047
45000000	75000000	2975.9348
46000000	75000000	591.3006
47000000	75000000	560.6263
48000000	75000000	1288.388
49000000	75000000	1677.4493
50000000	75000000	2227.195
51000000	75000000	2924.8904
52000000	75000000	3691.1797
53000000	75000000	1116.1036
54000000	75000000	1679.1177
55000000	75000000	1966.0096
56000000	75000000	2267.0522
57000000	75000000	3034.301
58000000	75000000	2915.695
59000000	75000000	4676.1157
60000000	75000000	2951.9841
61000000	75000000	2450.441
62000000	75000000	3259.2246
63000000	75000000	5451.596
64000000	75000000	7640.275
65000000	75000000	8555.298
66000000	75000000	7795.9614
67000000	75000000	6840.951
68000000	75000000	7350.2905
69000000	75000000	6638.454
70000000	75000000	7362.0854
71000000	75000000	5969.881
72000000	75000000	14623.892
73000000	75000000	15383.397
74000000	75000000	149433.95
75000000	75000000	745491.3
20000000	76000000	988.2485
21000000	76000000	765.0567
22000000	76000000	1258.9419
23000000	76000000	932.64813
24000000	76000000	564.7872
25000000	76000000	848.5291
26000000	76000000	692.3048
27000000	76000000	575.65717
28000000	76000000	965.0353
29000000	76000000	1517.1594
30000000	76000000	1259.8141
31000000	76000000	2389.7222
32000000	76000000	1767.7169
33000000	76000000	2376.358
34000000	76000000	2441.8342
35000000	76000000	1896.1075
36000000	76000000	1331.3713
37000000	76000000	1323.6438
38000000	76000000	1789.5541
39000000	76000000	2288.8347
40000000	76000000	3020.1494
41000000	76000000	3582.527
42000000	76000000	3918.3257
43000000	76000000	4050.345
44000000	76000000	4348.6533
45000000	76000000	3226.927
46000000	76000000	1298.2787
47000000	76000000	1331.4604
48000000	76000000	1962.5251
49000000	76000000	2293.2078
50000000	76000000	2592.7205
51000000	76000000	3972.9417
52000000	76000000	3386.0056
53000000	76000000	2648.554
54000000	76000000	1907.907
55000000	76000000	2678.4363
56000000	76000000	3975.876
57000000	76000000	4281.3125
58000000	76000000	4702.169
59000000	76000000	4557.943
60000000	76000000	4977.2456
61000000	76000000	4799.582
62000000	76000000	6107.793
63000000	76000000	6060.155
64000000	76000000	4934.2124
65000000	76000000	6227.073
66000000	76000000	7216.905
67000000	76000000	7914.7188
68000000	76000000	8382.183
69000000	76000000	9213.629
70000000	76000000	8554.796
71000000	76000000	11441.101
72000000	76000000	14592.063
73000000	76000000	21389.5
74000000	76000000	34619.043
75000000	76000000	108421.85
76000000	76000000	607683.9
20000000	77000000	651.0869
21000000	77000000	668.75305
22000000	77000000	1109.0616
23000000	77000000	859.6982
24000000	77000000	437.33008
25000000	77000000	691.94025
26000000	77000000	527.4811
27000000	77000000	458.60583
28000000	77000000	865.5363
29000000	77000000	1206.9362
30000000	77000000	1101.6631
31000000	77000000	2431.732
32000000	77000000	1565.9308
33000000	77000000	2087.2012
34000000	77000000	2349.2795
35000000	77000000	1732.5886
36000000	77000000	1081.2281
37000000	77000000	1236.8855
38000000	77000000	1812.6261
39000000	77000000	2055.4414
40000000	77000000	2976.1282
41000000	77000000	3186.3152
42000000	77000000	3604.2063
43000000	77000000	3749.508
44000000	77000000	4121.68
45000000	77000000	3043.3113
46000000	77000000	1010.79315
47000000	77000000	1036.4165
48000000	77000000	1871.8156
49000000	77000000	2098.504
50000000	77000000	2357.0679
51000000	77000000	3903.749
52000000	77000000	3437.1304
53000000	77000000	2227.4878
54000000	77000000	1972.3285
55000000	77000000	2586.981
56000000	77000000	3702.1912
57000000	77000000	4384.3555
58000000	77000000	4362.8237
59000000	77000000	4855.506
60000000	77000000	4524.474
61000000	77000000	4301.5664
62000000	77000000	5457.5654
63000000	77000000	5883.81
64000000	77000000	5123.475
65000000	77000000	5953.8403
66000000	77000000	7184.393
67000000	77000000	7695.551
68000000	77000000	8071.3438
69000000	77000000	8430.69
70000000	77000000	8231.327
71000000	77000000	9307.836
72000000	77000000	12346.305
73000000	77000000	16074.892
74000000	77000000	21137.852
75000000	77000000	27903.389
76000000	77000000	183033.05
77000000	77000000	633823.9
20000000	78000000	646.9901
21000000	78000000	590.4227
22000000	78000000	1158.951
23000000	78000000	862.7173
24000000	78000000	375.79462
25000000	78000000	579.23706
26000000	78000000	512.7882
27000000	78000000	391.61884
28000000	78000000	772.04626
29000000	78000000	1147.2894
30000000	78000000	997.01483
31000000	78000000	2634.5366
32000000	78000000	1440.0687
33000000	78000000	2131.7744
34000000	78000000	2446.5813
35000000	78000000	1578.8009
36000000	78000000	956.53314
37000000	78000000	1036.158
38000000	78000000	1738.9443
39000000	78000000	2020.4215
40000000	78000000	3853.2522
41000000	78000000	4514.6
42000000	78000000	4657.6646
43000000	78000000	4539.3564
44000000	78000000	4599.824
45000000	78000000	3334.0981
46000000	78000000	883.4222
47000000	78000000	828.3191
48000000	78000000	1774.3988
49000000	78000000	1988.6388
50000000	78000000	2473.0063
51000000	78000000	3999.4758
52000000	78000000	3788.6187
53000000	78000000	2075.0073
54000000	78000000	1727.5588
55000000	78000000	2220.854
56000000	78000000	3057.392
57000000	78000000	4278.1523
58000000	78000000	4364.418
59000000	78000000	5251.627
60000000	78000000	4919.179
61000000	78000000	4439.49
62000000	78000000	5656.4775
63000000	78000000	7028.0503
64000000	78000000	5930.504
65000000	78000000	7457.2554
66000000	78000000	8765.515
67000000	78000000	7967.361
68000000	78000000	8459.413
69000000	78000000	9158.663
70000000	78000000	8522.631
71000000	78000000	8386.87
72000000	78000000	11679.902
73000000	78000000	15347.118
74000000	78000000	21498.021
75000000	78000000	22230.201
76000000	78000000	40433.77
77000000	78000000	116999.91
78000000	78000000	665129.4
20000000	79000000	1074.521
21000000	79000000	864.48944
22000000	79000000	1544.4224
23000000	79000000	1199.0304
24000000	79000000	682.6866
25000000	79000000	952.22595
26000000	79000000	878.87604
27000000	79000000	755.18616
28000000	79000000	1249.4377
29000000	79000000	1904.9753
30000000	79000000	1559.6083
31000000	79000000	2713.7534
32000000	79000000	2311.0579
33000000	79000000	2984.116
34000000	79000000	2823.8767
35000000	79000000	1992.8105
36000000	79000000	1448.3684
37000000	79000000	1555.4591
38000000	79000000	2110.1455
39000000	79000000	2956.023
40000000	79000000	3134.8865
41000000	79000000	2828.2288
42000000	79000000	3055.2534
43000000	79000000	3080.0972
44000000	79000000	3903.7642
45000000	79000000	3482.3242
46000000	79000000	1488.6172
47000000	79000000	1503.6453
48000000	79000000	2247.326
49000000	79000000	2464.6328
50000000	79000000	2712.483
51000000	79000000	4181.712
52000000	79000000	3398.1775
53000000	79000000	3529.6528
54000000	79000000	2245.0042
55000000	79000000	2914.926
56000000	79000000	3846.0513
57000000	79000000	4442.546
58000000	79000000	5083.031
59000000	79000000	4437.012
60000000	79000000	5983.665
61000000	79000000	6089.2324
62000000	79000000	7316.3257
63000000	79000000	6673.1357
64000000	79000000	3779.2102
65000000	79000000	4822.661
66000000	79000000	6408.939
67000000	79000000	6686.8823
68000000	79000000	7633.2046
69000000	79000000	9517.08
70000000	79000000	8377.05
71000000	79000000	10454.152
72000000	79000000	10027.475
73000000	79000000	15136.682
74000000	79000000	14464.625
75000000	79000000	10770.531
76000000	79000000	19767.705
77000000	79000000	26555.947
78000000	79000000	102466.36
79000000	79000000	579909.75
20000000	80000000	1242.0286
21000000	80000000	839.74176
22000000	80000000	1849.9714
23000000	80000000	1337.6516
24000000	80000000	847.34985
25000000	80000000	1112.4784
26000000	80000000	979.5853
27000000	80000000	854.5714
28000000	80000000	1293.2472
29000000	80000000	2072.0586
30000000	80000000	1782.0797
31000000	80000000	2907.3816
32000000	80000000	2611.0679
33000000	80000000	3074.4036
34000000	80000000	2828.6628
35000000	80000000	2198.1658
36000000	80000000	1666.0668
37000000	80000000	1757.3445
38000000	80000000	2514.1846
39000000	80000000	3109.6384
40000000	80000000	2739.66
41000000	80000000	2287.8286
42000000	80000000	2415.8909
43000000	80000000	2486.8186
44000000	80000000	3498.816
45000000	80000000	3580.8362
46000000	80000000	1790.7203
47000000	80000000	1730.6383
48000000	80000000	2614.744
49000000	80000000	2585.7083
50000000	80000000	2878.7395
51000000	80000000	3983.4707
52000000	80000000	3810.7983
53000000	80000000	3861.6743
54000000	80000000	2798.027
55000000	80000000	3236.073
56000000	80000000	4133.3574
57000000	80000000	4729.957
58000000	80000000	5059.737
59000000	80000000	4410.223
60000000	80000000	5932.157
61000000	80000000	6461.6045
62000000	80000000	7021.188
63000000	80000000	6093.391
64000000	80000000	3548.1733
65000000	80000000	3869.8694
66000000	80000000	5151.976
67000000	80000000	5752.9404
68000000	80000000	6845.161
69000000	80000000	8088.211
70000000	80000000	7175.972
71000000	80000000	9753.013
72000000	80000000	8397.431
73000000	80000000	12487.6875
74000000	80000000	10230.407
75000000	80000000	7505.681
76000000	80000000	13251.394
77000000	80000000	15975.536
78000000	80000000	27025.166
79000000	80000000	156786.11
80000000	80000000	552582.8
20000000	81000000	1493.2119
21000000	81000000	993.51465
22000000	81000000	2108.213
23000000	81000000	1434.871
24000000	81000000	946.78827
25000000	81000000	1346.8472
26000000	81000000	1286.7346
27000000	81000000	1089.8372
28000000	81000000	1600.0367
29000000	81000000	2460.5686
30000000	81000000	1936.9552
31000000	81000000	2787.9258
32000000	81000000	2888.8398
33000000	81000000	3416.0159
34000000	81000000	2818.5466
35000000	81000000	2532.2253
36000000	81000000	2047.7039
37000000	81000000	2133.2087
38000000	81000000	2640.718
39000000	81000000	3399.9495
40000000	81000000	2317.2332
41000000	81000000	1627.4108
42000000	81000000	1877.8918
43000000	81000000	1914.2405
44000000	81000000	2696.907
45000000	81000000	3261.2732
46000000	81000000	2348.8584
47000000	81000000	2176.5562
48000000	81000000	2851.3018
49000000	81000000	2733.0579
50000000	81000000	2840.715
51000000	81000000	3811.4946
52000000	81000000	3366.7068
53000000	81000000	4820.4688
54000000	81000000	3051.0562
55000000	81000000	3765.1519
56000000	81000000	4386.68
57000000	81000000	4495.9233
58000000	81000000	5057.5806
59000000	81000000	3975.6514
60000000	81000000	6408.8755
61000000	81000000	6912.0723
62000000	81000000	7257.8047
63000000	81000000	5472.1914
64000000	81000000	2449.9133
65000000	81000000	3056.1992
66000000	81000000	4282.5806
67000000	81000000	5013.9556
68000000	81000000	5925.3037
69000000	81000000	7579.4966
70000000	81000000	6518.4526
71000000	81000000	9511.889
72000000	81000000	7181.4883
73000000	81000000	11342.906
74000000	81000000	8141.906
75000000	81000000	5036.51
76000000	81000000	10129.762
77000000	81000000	11083.541
78000000	81000000	16056.845
79000000	81000000	45234.055
80000000	81000000	144857.9
81000000	81000000	527731.06
20000000	82000000	1566.4312
21000000	82000000	1342.2845
22000000	82000000	2148.6113
23000000	82000000	1556.0417
24000000	82000000	1178.4835
25000000	82000000	1508.3422
26000000	82000000	1356.8126
27000000	82000000	1245.0282
28000000	82000000	1723.3071
29000000	82000000	2383.2344
30000000	82000000	2256.6956
31000000	82000000	2508.7292
32000000	82000000	2756.7036
33000000	82000000	3190.1218
34000000	82000000	2656.3496
35000000	82000000	2499.8225
36000000	82000000	2313.1382
37000000	82000000	2179.5193
38000000	82000000	2431.2031
39000000	82000000	3172.7227
40000000	82000000	2007.8733
41000000	82000000	1480.4303
42000000	82000000	1795.1768
43000000	82000000	1804.9344
44000000	82000000	2477.348
45000000	82000000	3100.8147
46000000	82000000	2581.7078
47000000	82000000	2636.7502
48000000	82000000	2970.758
49000000	82000000	2780.3047
50000000	82000000	2887.0562
51000000	82000000	3570.0173
52000000	82000000	2959.2896
53000000	82000000	5048.58
54000000	82000000	3064.9485
55000000	82000000	3660.6274
56000000	82000000	4381.403
57000000	82000000	4236.137
58000000	82000000	4760.1816
59000000	82000000	3376.8643
60000000	82000000	5725.243
61000000	82000000	6369.306
62000000	82000000	6406.464
63000000	82000000	4588.654
64000000	82000000	2119.7158
65000000	82000000	2633.0305
66000000	82000000	3741.2307
67000000	82000000	4350.3096
68000000	82000000	4907.1606
69000000	82000000	6439.253
70000000	82000000	5320.706
71000000	82000000	8693.048
72000000	82000000	6324.042
73000000	82000000	9531.355
74000000	82000000	6171.117
75000000	82000000	3727.593
76000000	82000000	8249.132
77000000	82000000	8379.379
78000000	82000000	10875.945
79000000	82000000	24918.854
80000000	82000000	39574.254
81000000	82000000	168378.12
82000000	82000000	650728.6
20000000	83000000	1184.7878
21000000	83000000	1059.3463
22000000	83000000	2096.2876
23000000	83000000	1412.9506
24000000	83000000	785.4496
25000000	83000000	1064.9377
26000000	83000000	907.1635
27000000	83000000	757.76556
28000000	83000000	1414.0071
29000000	83000000	2058.2244
30000000	83000000	1669.2285
31000000	83000000	3146.39
32000000	83000000	2513.0886
33000000	83000000	3190.0293
34000000	83000000	3300.58
35000000	83000000	2546.3318
36000000	83000000	1742.8998
37000000	83000000	1776.2369
38000000	83000000	2500.2493
39000000	83000000	2999.861
40000000	83000000	3171.2112
41000000	83000000	2728.876
42000000	83000000	2918.8237
43000000	83000000	2849.3262
44000000	83000000	3909.9443
45000000	83000000	4275.3257
46000000	83000000	1679.0643
47000000	83000000	1618.4371
48000000	83000000	2837.683
49000000	83000000	3038.3784
50000000	83000000	3346.929
51000000	83000000	4715.4263
52000000	83000000	4389.38
53000000	83000000	3624.368
54000000	83000000	2556.2378
55000000	83000000	3538.64
56000000	83000000	4676.308
57000000	83000000	4964.0503
58000000	83000000	4968.2905
59000000	83000000	4675.47
60000000	83000000	5415.2793
61000000	83000000	5289.042
62000000	83000000	6005.233
63000000	83000000	5301.6514
64000000	83000000	3155.2983
65000000	83000000	3905.2969
66000000	83000000	4774.433
67000000	83000000	5020.261
68000000	83000000	5621.9507
69000000	83000000	6401.66
70000000	83000000	5514.0938
71000000	83000000	6739.1714
72000000	83000000	7401.3193
73000000	83000000	8449.788
74000000	83000000	7270.346
75000000	83000000	5366.4263
76000000	83000000	8112.9126
77000000	83000000	8455.588
78000000	83000000	11289.002
79000000	83000000	17862.072
80000000	83000000	21680.828
81000000	83000000	32632.758
82000000	83000000	49338.93
83000000	83000000	651071.8
20000000	84000000	1602.8005
21000000	84000000	1246.2783
22000000	84000000	2032.0057
23000000	84000000	1418.0262
24000000	84000000	982.5627
25000000	84000000	1454.7394
26000000	84000000	1340.1677
27000000	84000000	1208.2451
28000000	84000000	1611.2856
29000000	84000000	2560.745
30000000	84000000	2203.0288
31000000	84000000	2905.0684
32000000	84000000	3019.475
33000000	84000000	3692.0508
34000000	84000000	3134.362
35000000	84000000	2735.7097
36000000	84000000	2211.3167
37000000	84000000	2322.0288
38000000	84000000	2623.694
39000000	84000000	3662.14
40000000	84000000	2337.9395
41000000	84000000	1906.4657
42000000	84000000	2013.4023
43000000	84000000	2154.6482
44000000	84000000	3293.5098
45000000	84000000	3486.1187
46000000	84000000	2428.1643
47000000	84000000	2377.5144
48000000	84000000	2981.1167
49000000	84000000	2939.5828
50000000	84000000	3081.8945
51000000	84000000	4526.862
52000000	84000000	3361.998
53000000	84000000	4939.5015
54000000	84000000	3262.2708
55000000	84000000	3944.9785
56000000	84000000	5377.2793
57000000	84000000	5121.492
58000000	84000000	5394.389
59000000	84000000	3909.9265
60000000	84000000	5952.9673
61000000	84000000	6180.7466
62000000	84000000	6541.656
63000000	84000000	4707.108
64000000	84000000	2436.9746
65000000	84000000	2789.906
66000000	84000000	3842.5388
67000000	84000000	4618.702
68000000	84000000	5151.811
69000000	84000000	6159.4893
70000000	84000000	5261.466
71000000	84000000	7867.888
72000000	84000000	5657.955
73000000	84000000	8277.371
74000000	84000000	5602.1606
75000000	84000000	3406.5999
76000000	84000000	7561.015
77000000	84000000	6975.0566
78000000	84000000	7793.7583
79000000	84000000	13990.351
80000000	84000000	17446.36
81000000	84000000	23652.879
82000000	84000000	30497.139
83000000	84000000	144176.03
84000000	84000000	644445.3
20000000	85000000	924.3657
21000000	85000000	895.19275
22000000	85000000	2082.74
23000000	85000000	1615.3972
24000000	85000000	525.60333
25000000	85000000	1022.5514
26000000	85000000	749.4161
27000000	85000000	605.91705
28000000	85000000	1391.9972
29000000	85000000	1725.2783
30000000	85000000	1414.6401
31000000	85000000	4232.1626
32000000	85000000	2078.384
33000000	85000000	2558.0981
34000000	85000000	3472.9421
35000000	85000000	2637.4612
36000000	85000000	1484.2535
37000000	85000000	1792.5741
38000000	85000000	3010.8513
39000000	85000000	2606.654
40000000	85000000	4739.6772
41000000	85000000	3874.3062
42000000	85000000	3491.4253
43000000	85000000	3530.2432
44000000	85000000	4888.0347
45000000	85000000	5656.969
46000000	85000000	1225.0934
47000000	85000000	1132.4707
48000000	85000000	2999.5842
49000000	85000000	3314.4563
50000000	85000000	3777.9612
51000000	85000000	5230.6807
52000000	85000000	6384.7812
53000000	85000000	2300.7249
54000000	85000000	2333.2314
55000000	85000000	3546.3022
56000000	85000000	4358.8345
57000000	85000000	5238.611
58000000	85000000	4313.604
59000000	85000000	5446.513
60000000	85000000	4219.231
61000000	85000000	3386.0425
62000000	85000000	4254.388
63000000	85000000	5092.2847
64000000	85000000	4493.881
65000000	85000000	4285.4263
66000000	85000000	4488.5186
67000000	85000000	4538.327
68000000	85000000	4905.103
69000000	85000000	4836.997
70000000	85000000	4641.72
71000000	85000000	3938.7087
72000000	85000000	6269.315
73000000	85000000	5062.5947
74000000	85000000	6016.484
75000000	85000000	5691.5576
76000000	85000000	5734.193
77000000	85000000	6594.993
78000000	85000000	8635.723
79000000	85000000	9601.881
80000000	85000000	11217.298
81000000	85000000	12003.314
82000000	85000000	13175.659
83000000	85000000	35317.5
84000000	85000000	53166.32
85000000	85000000	681087.06
20000000	86000000	2465.377
21000000	86000000	1584.8523
22000000	86000000	3255.8752
23000000	86000000	2607.506
24000000	86000000	1732.516
25000000	86000000	2144.0203
26000000	86000000	2282.476
27000000	86000000	2230.637
28000000	86000000	2746.8862
29000000	86000000	3704.0032
30000000	86000000	2975.6345
31000000	86000000	3191.0002
32000000	86000000	3291.7957
33000000	86000000	3491.0166
34000000	86000000	3227.967
35000000	86000000	3430.1936
36000000	86000000	3183.6504
37000000	86000000	3364.5193
38000000	86000000	3713.2231
39000000	86000000	3738.1128
40000000	86000000	2657.8564
41000000	86000000	1523.2898
42000000	86000000	1502.898
43000000	86000000	1562.5128
44000000	86000000	2300.5708
45000000	86000000	4220.3687
46000000	86000000	4008.6704
47000000	86000000	3687.099
48000000	86000000	4369.6333
49000000	86000000	3683.114
50000000	86000000	3529.1746
51000000	86000000	3916.9084
52000000	86000000	4220.579
53000000	86000000	5397.7373
54000000	86000000	3919.0122
55000000	86000000	4609.3286
56000000	86000000	4412.1934
57000000	86000000	4036.6577
58000000	86000000	3706.1455
59000000	86000000	3163.918
60000000	86000000	4262.9395
61000000	86000000	4796.4375
62000000	86000000	4878.5986
63000000	86000000	3470.3982
64000000	86000000	1962.8762
65000000	86000000	1918.3243
66000000	86000000	2354.221
67000000	86000000	2519.2888
68000000	86000000	3034.9763
69000000	86000000	4055.267
70000000	86000000	3789.724
71000000	86000000	5221.235
72000000	86000000	4273.418
73000000	86000000	5034.3315
74000000	86000000	3584.0315
75000000	86000000	2638.503
76000000	86000000	3746.7146
77000000	86000000	3971.1526
78000000	86000000	4421.9146
79000000	86000000	6589.0
80000000	86000000	8349.143
81000000	86000000	11662.675
82000000	86000000	13067.217
83000000	86000000	16463.83
84000000	86000000	25093.055
85000000	86000000	122636.93
86000000	86000000	496751.72
20000000	87000000	5113.7134
21000000	87000000	1458.1844
22000000	87000000	2846.8655
23000000	87000000	3787.5066
24000000	87000000	5429.642
25000000	87000000	4312.728
26000000	87000000	5638.4595
27000000	87000000	6636.3984
28000000	87000000	4785.091
29000000	87000000	4566.9824
30000000	87000000	4466.6245
31000000	87000000	1492.5327
32000000	87000000	3451.1292
33000000	87000000	3047.0957
34000000	87000000	2077.1504
35000000	87000000	2907.2844
36000000	87000000	4698.294
37000000	87000000	5034.91
38000000	87000000	3195.1167
39000000	87000000	3573.7795
40000000	87000000	861.1253
41000000	87000000	537.7377
42000000	87000000	563.3549
43000000	87000000	588.4927
44000000	87000000	1033.1766
45000000	87000000	2229.203
46000000	87000000	9343.746
47000000	87000000	8593.494
48000000	87000000	4090.3162
49000000	87000000	3014.787
50000000	87000000	3050.815
51000000	87000000	2153.2578
52000000	87000000	1417.0614
53000000	87000000	7547.716
54000000	87000000	7046.4385
55000000	87000000	5174.3823
56000000	87000000	3925.166
57000000	87000000	2568.8208
58000000	87000000	3039.6755
59000000	87000000	1138.578
60000000	87000000	3564.8179
61000000	87000000	5244.733
62000000	87000000	4353.0396
63000000	87000000	1998.4976
64000000	87000000	712.5005
65000000	87000000	822.3768
66000000	87000000	1170.7748
67000000	87000000	1526.5492
68000000	87000000	2075.6528
69000000	87000000	3278.633
70000000	87000000	2559.5508
71000000	87000000	6179.4814
72000000	87000000	2478.8005
73000000	87000000	4495.9204
74000000	87000000	2178.9136
75000000	87000000	1283.9027
76000000	87000000	2838.6716
77000000	87000000	2555.778
78000000	87000000	2423.2202
79000000	87000000	4945.062
80000000	87000000	6465.5054
81000000	87000000	9489.449
82000000	87000000	11261.091
83000000	87000000	9443.46
84000000	87000000	17577.82
85000000	87000000	12773.301
86000000	87000000	123180.64
87000000	87000000	575548.06
20000000	88000000	3759.314
21000000	88000000	1892.4274
22000000	88000000	3180.6936
23000000	88000000	3211.9497
24000000	88000000	3519.4895
25000000	88000000	3292.1985
26000000	88000000	4052.7615
27000000	88000000	4361.808
28000000	88000000	3915.5576
29000000	88000000	4928.4043
30000000	88000000	4305.2207
31000000	88000000	2062.7764
32000000	88000000	3923.3613
33000000	88000000	3899.2874
34000000	88000000	2619.032
35000000	88000000	3172.9192
36000000	88000000	4057.3052
37000000	88000000	4079.152
38000000	88000000	3355.8994
39000000	88000000	4116.7837
40000000	88000000	1228.9932
41000000	88000000	697.694
42000000	88000000	803.42
43000000	88000000	739.7375
44000000	88000000	1274.0854
45000000	88000000	2907.5764
46000000	88000000	6674.8643
47000000	88000000	6213.091
48000000	88000000	4359.6206
49000000	88000000	2987.6921
50000000	88000000	3045.048
51000000	88000000	2919.1592
52000000	88000000	1924.6
53000000	88000000	7377.966
54000000	88000000	5096.2207
55000000	88000000	4656.3813
56000000	88000000	4091.2498
57000000	88000000	3132.276
58000000	88000000	3626.3193
59000000	88000000	1625.8174
60000000	88000000	4305.9204
61000000	88000000	6131.5054
62000000	88000000	5407.1753
63000000	88000000	2684.0815
64000000	88000000	799.4408
65000000	88000000	1015.4102
66000000	88000000	1525.4485
67000000	88000000	1780.3732
68000000	88000000	2401.3625
69000000	88000000	3866.9182
70000000	88000000	3495.5205
71000000	88000000	6728.59
72000000	88000000	2963.386
73000000	88000000	5516.963
74000000	88000000	2809.6758
75000000	88000000	1304.3737
76000000	88000000	3065.9336
77000000	88000000	2826.8198
78000000	88000000	3065.3816
79000000	88000000	6080.6016
80000000	88000000	7844.391
81000000	88000000	10797.908
82000000	88000000	12379.556
83000000	88000000	11153.621
84000000	88000000	18024.525
85000000	88000000	17490.67
86000000	88000000	105982.87
87000000	88000000	164314.42
88000000	88000000	502236.47
20000000	89000000	1572.6808
21000000	89000000	1495.9427
22000000	89000000	3041.6035
23000000	89000000	2040.3309
24000000	89000000	901.0247
25000000	89000000	1589.7258
26000000	89000000	1312.6122
27000000	89000000	1019.68756
28000000	89000000	2242.879
29000000	89000000	2947.1667
30000000	89000000	2212.5789
31000000	89000000	4029.5798
32000000	89000000	3143.781
33000000	89000000	3794.8523
34000000	89000000	4167.6655
35000000	89000000	3228.066
36000000	89000000	2019.3739
37000000	89000000	2291.6125
38000000	89000000	3353.4814
39000000	89000000	3780.0862
40000000	89000000	4247.122
41000000	89000000	3184.935
42000000	89000000	2946.097
43000000	89000000	3085.791
44000000	89000000	4179.7
45000000	89000000	5948.9395
46000000	89000000	2152.093
47000000	89000000	1942.7408
48000000	89000000	3741.4004
49000000	89000000	3763.3384
50000000	89000000	3890.3076
51000000	89000000	5283.8135
52000000	89000000	5218.8477
53000000	89000000	4151.1685
54000000	89000000	2726.9392
55000000	89000000	3957.4575
56000000	89000000	4564.924
57000000	89000000	4995.5195
58000000	89000000	4599.0996
59000000	89000000	4666.1387
60000000	89000000	5166.0273
61000000	89000000	4646.049
62000000	89000000	5854.6284
63000000	89000000	5150.468
64000000	89000000	3023.4902
65000000	89000000	3395.698
66000000	89000000	3931.4492
67000000	89000000	4029.6643
68000000	89000000	4568.407
69000000	89000000	5575.408
70000000	89000000	4967.562
71000000	89000000	5221.78
72000000	89000000	6040.1704
73000000	89000000	6521.306
74000000	89000000	5952.0728
75000000	89000000	4184.9004
76000000	89000000	5253.4243
77000000	89000000	5425.02
78000000	89000000	7337.719
79000000	89000000	9366.35
80000000	89000000	9721.414
81000000	89000000	10304.839
82000000	89000000	10143.994
83000000	89000000	15860.195
84000000	89000000	15821.199
85000000	89000000	31398.182
86000000	89000000	42815.938
87000000	89000000	22640.164
88000000	89000000	73861.43
89000000	89000000	578699.3
20000000	90000000	802.81256
21000000	90000000	752.819
22000000	90000000	1676.9177
23000000	90000000	1271.541
24000000	90000000	433.55035
25000000	90000000	823.0635
26000000	90000000	641.0647
27000000	90000000	462.1276
28000000	90000000	1117.2047
29000000	90000000	1452.1882
30000000	90000000	1280.0398
31000000	90000000	3503.1199
32000000	90000000	1780.8657
33000000	90000000	2379.783
34000000	90000000	3357.7185
35000000	90000000	2159.5012
36000000	90000000	1198.4843
37000000	90000000	1335.7683
38000000	90000000	2284.8223
39000000	90000000	2272.6052
40000000	90000000	5362.357
41000000	90000000	5411.9233
42000000	90000000	4799.636
43000000	90000000	5013.5337
44000000	90000000	5918.692
45000000	90000000	4928.2544
46000000	90000000	965.9234
47000000	90000000	972.471
48000000	90000000	2195.6892
49000000	90000000	2640.9001
50000000	90000000	3261.8577
51000000	90000000	4956.192
52000000	90000000	5354.461
53000000	90000000	1993.2689
54000000	90000000	1799.1724
55000000	90000000	2700.3965
56000000	90000000	3289.2
57000000	90000000	4273.3296
58000000	90000000	4029.5457
59000000	90000000	5151.857
60000000	90000000	3813.1267
61000000	90000000	2963.5964
62000000	90000000	4080.853
63000000	90000000	5268.6357
64000000	90000000	5055.2935
65000000	90000000	5323.036
66000000	90000000	5288.2725
67000000	90000000	4656.159
68000000	90000000	4926.4956
69000000	90000000	4614.3306
70000000	90000000	4369.588
71000000	90000000	3493.8665
72000000	90000000	5694.1147
73000000	90000000	4941.078
74000000	90000000	6527.032
75000000	90000000	6557.8477
76000000	90000000	5698.1016
77000000	90000000	5962.1045
78000000	90000000	8352.924
79000000	90000000	7940.1357
80000000	90000000	7349.7563
81000000	90000000	6575.5176
82000000	90000000	5821.3984
83000000	90000000	10627.386
84000000	90000000	9349.384
85000000	90000000	19250.72
86000000	90000000	12543.869
87000000	90000000	6080.931
88000000	90000000	11292.845
89000000	90000000	98608.586
90000000	90000000	648879.0
20000000	91000000	958.0377
21000000	91000000	563.3837
22000000	91000000	1924.4375
23000000	91000000	1361.2472
24000000	91000000	621.96747
25000000	91000000	938.45795
26000000	91000000	865.6582
27000000	91000000	636.6467
28000000	91000000	1277.2333
29000000	91000000	1650.3938
30000000	91000000	1390.0314
31000000	91000000	3362.7754
32000000	91000000	2013.5975
33000000	91000000	2475.4163
34000000	91000000	3168.9512
35000000	91000000	2132.4316
36000000	91000000	1384.222
37000000	91000000	1586.7261
38000000	91000000	2446.3328
39000000	91000000	2378.9482
40000000	91000000	4278.394
41000000	91000000	3804.1292
42000000	91000000	3190.6472
43000000	91000000	3276.052
44000000	91000000	4122.3296
45000000	91000000	3994.78
46000000	91000000	1220.4623
47000000	91000000	1172.7123
48000000	91000000	2328.2603
49000000	91000000	2631.3696
50000000	91000000	3152.346
51000000	91000000	3796.9565
52000000	91000000	4836.815
53000000	91000000	2553.9968
54000000	91000000	2027.7714
55000000	91000000	2709.007
56000000	91000000	3322.4248
57000000	91000000	3734.0615
58000000	91000000	3556.6687
59000000	91000000	4487.3735
60000000	91000000	3611.676
61000000	91000000	3126.0728
62000000	91000000	3879.7683
63000000	91000000	4231.444
64000000	91000000	4134.1143
65000000	91000000	3706.6152
66000000	91000000	3523.2466
67000000	91000000	3406.2207
68000000	91000000	3720.4817
69000000	91000000	3612.6948
70000000	91000000	3531.7068
71000000	91000000	3456.8867
72000000	91000000	4795.6733
73000000	91000000	4180.9355
74000000	91000000	4915.924
75000000	91000000	5042.949
76000000	91000000	4149.037
77000000	91000000	4259.7993
78000000	91000000	5571.4414
79000000	91000000	5951.19
80000000	91000000	6293.983
81000000	91000000	5870.439
82000000	91000000	5293.1147
83000000	91000000	8100.2817
84000000	91000000	7485.3096
85000000	91000000	13171.505
86000000	91000000	11446.356
87000000	91000000	6694.446
88000000	91000000	11235.911
89000000	91000000	32134.025
90000000	91000000	166459.0
91000000	91000000	625284.8
20000000	92000000	1797.7776
21000000	92000000	1401.5369
22000000	92000000	2359.6887
23000000	92000000	1670.5833
24000000	92000000	1335.2458
25000000	92000000	1538.2148
26000000	92000000	1688.1667
27000000	92000000	1606.3918
28000000	92000000	2104.3616
29000000	92000000	3318.1125
30000000	92000000	2758.3474
31000000	92000000	2501.9016
32000000	92000000	3504.8606
33000000	92000000	4212.1724
34000000	92000000	3074.9773
35000000	92000000	2829.9985
36000000	92000000	2575.6172
37000000	92000000	2583.8499
38000000	92000000	2888.638
39000000	92000000	4103.091
40000000	92000000	1768.3757
41000000	92000000	1149.87
42000000	92000000	1313.6527
43000000	92000000	1283.402
44000000	92000000	1992.6339
45000000	92000000	3044.8457
46000000	92000000	2957.67
47000000	92000000	2682.5662
48000000	92000000	2973.248
49000000	92000000	2641.5032
50000000	92000000	2736.2007
51000000	92000000	3450.1172
52000000	92000000	2544.3801
53000000	92000000	5873.504
54000000	92000000	3091.6277
55000000	92000000	3389.7913
56000000	92000000	3887.875
57000000	92000000	3880.776
58000000	92000000	4357.333
59000000	92000000	2458.7717
60000000	92000000	4986.338
61000000	92000000	5940.541
62000000	92000000	5710.4185
63000000	92000000	3591.9578
64000000	92000000	1159.2122
65000000	92000000	1536.7008
66000000	92000000	2284.0222
67000000	92000000	2559.1638
68000000	92000000	3280.7651
69000000	92000000	4644.0815
70000000	92000000	3968.7366
71000000	92000000	6139.104
72000000	92000000	3714.0076
73000000	92000000	5902.9663
74000000	92000000	3659.4866
75000000	92000000	1792.2415
76000000	92000000	3638.56
77000000	92000000	3458.3135
78000000	92000000	4083.297
79000000	92000000	6580.361
80000000	92000000	7302.4985
81000000	92000000	8289.69
82000000	92000000	8161.5015
83000000	92000000	8414.304
84000000	92000000	10729.997
85000000	92000000	8107.5674
86000000	92000000	15876.523
87000000	92000000	16636.193
88000000	92000000	25434.215
89000000	92000000	26724.668
90000000	92000000	22888.18
91000000	92000000	109215.1
92000000	92000000	569484.5
20000000	93000000	1833.8959
21000000	93000000	1245.205
22000000	93000000	2707.3389
23000000	93000000	1979.3511
24000000	93000000	1206.691
25000000	93000000	1635.1804
26000000	93000000	1543.688
27000000	93000000	1300.9672
28000000	93000000	2385.4668
29000000	93000000	3012.249
30000000	93000000	2336.4316
31000000	93000000	3075.3394
32000000	93000000	2985.5444
33000000	93000000	3422.2275
34000000	93000000	3236.564
35000000	93000000	2959.5293
36000000	93000000	2298.528
37000000	93000000	2505.725
38000000	93000000	3353.818
39000000	93000000	3471.3628
40000000	93000000	2731.302
41000000	93000000	1642.3906
42000000	93000000	1534.8135
43000000	93000000	1485.9274
44000000	93000000	2448.2246
45000000	93000000	3963.063
46000000	93000000	2625.1223
47000000	93000000	2391.0884
48000000	93000000	3476.2837
49000000	93000000	3256.9148
50000000	93000000	3342.2966
51000000	93000000	3539.9084
52000000	93000000	3893.9053
53000000	93000000	4551.8003
54000000	93000000	2848.8135
55000000	93000000	3720.6108
56000000	93000000	4036.5686
57000000	93000000	3767.574
58000000	93000000	3671.1
59000000	93000000	3109.4714
60000000	93000000	4081.5742
61000000	93000000	4408.4863
62000000	93000000	4657.1143
63000000	93000000	3301.5947
64000000	93000000	1660.9967
65000000	93000000	1785.768
66000000	93000000	2173.9885
67000000	93000000	2219.4304
68000000	93000000	2700.522
69000000	93000000	3629.3276
70000000	93000000	3339.8755
71000000	93000000	4312.1562
72000000	93000000	3760.8403
73000000	93000000	4579.615
74000000	93000000	3299.532
75000000	93000000	2168.0352
76000000	93000000	3115.358
77000000	93000000	3104.2495
78000000	93000000	3857.0874
79000000	93000000	5459.73
80000000	93000000	6181.4546
81000000	93000000	7138.8604
82000000	93000000	6713.492
83000000	93000000	7605.2417
84000000	93000000	8190.3975
85000000	93000000	9760.211
86000000	93000000	15039.8955
87000000	93000000	12522.018
88000000	93000000	19558.004
89000000	93000000	24047.04
90000000	93000000	19038.848
91000000	93000000	42969.137
92000000	93000000	132152.31
93000000	93000000	543047.75
20000000	94000000	2595.859
21000000	94000000	1580.5457
22000000	94000000	2882.9575
23000000	94000000	2395.1545
24000000	94000000	2030.617
25000000	94000000	2188.298
26000000	94000000	2313.3843
27000000	94000000	2371.1772
28000000	94000000	2773.1714
29000000	94000000	3736.292
30000000	94000000	3125.455
31000000	94000000	2290.1113
32000000	94000000	3247.52
33000000	94000000	3483.9226
34000000	94000000	2733.4768
35000000	94000000	3124.057
36000000	94000000	3523.897
37000000	94000000	3558.2473
38000000	94000000	3601.0686
39000000	94000000	3718.7488
40000000	94000000	1515.0409
41000000	94000000	791.577
42000000	94000000	831.00494
43000000	94000000	889.6679
44000000	94000000	1460.3126
45000000	94000000	3021.6025
46000000	94000000	4221.9463
47000000	94000000	4015.7744
48000000	94000000	3861.1853
49000000	94000000	3353.1614
50000000	94000000	3169.2974
51000000	94000000	2981.827
52000000	94000000	2762.2986
53000000	94000000	6458.2695
54000000	94000000	3994.504
55000000	94000000	4397.2886
56000000	94000000	4085.2056
57000000	94000000	3213.639
58000000	94000000	3281.364
59000000	94000000	1926.5402
60000000	94000000	3835.9907
61000000	94000000	4652.506
62000000	94000000	4139.3594
63000000	94000000	2293.3357
64000000	94000000	902.6818
65000000	94000000	1034.2019
66000000	94000000	1284.4945
67000000	94000000	1619.214
68000000	94000000	2048.5864
69000000	94000000	2895.704
70000000	94000000	2566.4802
71000000	94000000	4576.2896
72000000	94000000	2808.6
73000000	94000000	4029.9773
74000000	94000000	2108.4573
75000000	94000000	1296.0468
76000000	94000000	2468.128
77000000	94000000	2293.475
78000000	94000000	2397.6096
79000000	94000000	3856.1572
80000000	94000000	4793.186
81000000	94000000	6520.69
82000000	94000000	6820.8906
83000000	94000000	5951.084
84000000	94000000	7866.643
85000000	94000000	6034.5845
86000000	94000000	14740.9375
87000000	94000000	18804.152
88000000	94000000	22026.84
89000000	94000000	14635.936
90000000	94000000	8364.403
91000000	94000000	16940.787
92000000	94000000	49902.473
93000000	94000000	142298.4
94000000	94000000	547968.1
20000000	95000000	2648.3943
21000000	95000000	1026.0607
22000000	95000000	2295.9421
23000000	95000000	2356.6416
24000000	95000000	2732.1196
25000000	95000000	2622.867
26000000	95000000	2763.2693
27000000	95000000	3113.756
28000000	95000000	2716.9026
29000000	95000000	2942.1401
30000000	95000000	2479.2905
31000000	95000000	1517.5104
32000000	95000000	2387.3977
33000000	95000000	2138.056
34000000	95000000	1649.629
35000000	95000000	2479.6753
36000000	95000000	3381.6274
37000000	95000000	3599.3315
38000000	95000000	2883.6123
39000000	95000000	2703.985
40000000	95000000	927.9067
41000000	95000000	549.2025
42000000	95000000	587.23737
43000000	95000000	607.77673
44000000	95000000	935.49426
45000000	95000000	2140.3818
46000000	95000000	4927.0723
47000000	95000000	4535.328
48000000	95000000	3226.3496
49000000	95000000	2611.439
50000000	95000000	2439.3625
51000000	95000000	1980.1287
52000000	95000000	1710.2991
53000000	95000000	5141.719
54000000	95000000	4864.267
55000000	95000000	4054.0994
56000000	95000000	3296.232
57000000	95000000	2292.38
58000000	95000000	2167.9595
59000000	95000000	1266.3721
60000000	95000000	2366.2832
61000000	95000000	2964.0261
62000000	95000000	2690.342
63000000	95000000	1397.9395
64000000	95000000	708.2877
65000000	95000000	622.794
66000000	95000000	857.52026
67000000	95000000	1016.7211
68000000	95000000	1421.0691
69000000	95000000	1839.7738
70000000	95000000	1653.2067
71000000	95000000	3052.3206
72000000	95000000	1799.8563
73000000	95000000	2484.7542
74000000	95000000	1327.872
75000000	95000000	932.5656
76000000	95000000	1808.2103
77000000	95000000	1604.4468
78000000	95000000	1456.9916
79000000	95000000	2529.4392
80000000	95000000	3223.482
81000000	95000000	4312.65
82000000	95000000	4660.147
83000000	95000000	3870.4895
84000000	95000000	5399.0405
85000000	95000000	3765.0708
86000000	95000000	9692.451
87000000	95000000	16945.178
88000000	95000000	14981.709
89000000	95000000	7534.1045
90000000	95000000	4467.8228
91000000	95000000	7819.3037
92000000	95000000	18882.29
93000000	95000000	27459.598
94000000	95000000	95268.42
95000000	95000000	493843.16
20000000	96000000	1676.9551
21000000	96000000	1266.5671
22000000	96000000	2163.4846
23000000	96000000	1923.4546
24000000	96000000	1430.0646
25000000	96000000	2334.2373
26000000	96000000	1681.1317
27000000	96000000	1549.4946
28000000	96000000	2043.3124
29000000	96000000	2270.6702
30000000	96000000	1705.1638
31000000	96000000	2367.58
32000000	96000000	1783.719
33000000	96000000	1850.0267
34000000	96000000	2195.1213
35000000	96000000	2898.7864
36000000	96000000	2510.829
37000000	96000000	3035.602
38000000	96000000	3222.7568
39000000	96000000	2355.5522
40000000	96000000	1861.332
41000000	96000000	1029.7012
42000000	96000000	923.7511
43000000	96000000	1048.1477
44000000	96000000	1707.682
45000000	96000000	3227.4326
46000000	96000000	2966.1055
47000000	96000000	2867.866
48000000	96000000	3364.2463
49000000	96000000	3234.63
50000000	96000000	2807.7402
51000000	96000000	2604.4468
52000000	96000000	3548.9949
53000000	96000000	3234.0156
54000000	96000000	4564.0737
55000000	96000000	4364.101
56000000	96000000	4151.521
57000000	96000000	3114.0767
58000000	96000000	2283.9453
59000000	96000000	2492.9631
60000000	96000000	2233.7434
61000000	96000000	2115.8584
62000000	96000000	2304.5908
63000000	96000000	1701.8722
64000000	96000000	1431.6323
65000000	96000000	1139.2777
66000000	96000000	1223.1711
67000000	96000000	1370.903
68000000	96000000	1792.8718
69000000	96000000	1681.0706
70000000	96000000	1730.8711
71000000	96000000	1957.9733
72000000	96000000	2374.4866
73000000	96000000	1992.2656
74000000	96000000	1577.6338
75000000	96000000	1611.4006
76000000	96000000	1974.4011
77000000	96000000	2016.9656
78000000	96000000	1862.9524
79000000	96000000	2551.6702
80000000	96000000	3499.9893
81000000	96000000	3832.7644
82000000	96000000	3623.5269
83000000	96000000	4217.583
84000000	96000000	4822.2876
85000000	96000000	6606.89
86000000	96000000	8007.3096
87000000	96000000	7423.5703
88000000	96000000	7667.3286
89000000	96000000	8364.284
90000000	96000000	6560.1187
91000000	96000000	8793.564
92000000	96000000	10759.405
93000000	96000000	17755.541
94000000	96000000	33857.844
95000000	96000000	179929.12
96000000	96000000	599239.7
20000000	97000000	2916.1274
21000000	97000000	1067.9989
22000000	97000000	2257.3667
23000000	97000000	2323.549
24000000	97000000	3389.0808
25000000	97000000	3079.8618
26000000	97000000	3600.8772
27000000	97000000	3933.525
28000000	97000000	2899.9622
29000000	97000000	2890.347
30000000	97000000	2580.3894
31000000	97000000	1246.6777
32000000	97000000	2274.6355
33000000	97000000	1847.2445
34000000	97000000	1519.0216
35000000	97000000	2202.2036
36000000	97000000	3389.7708
37000000	97000000	3711.9304
38000000	97000000	2533.689
39000000	97000000	2504.3206
40000000	97000000	797.6956
41000000	97000000	482.13092
42000000	97000000	474.5023
43000000	97000000	533.5315
44000000	97000000	815.47174
45000000	97000000	1835.5922
46000000	97000000	5852.1777
47000000	97000000	5464.538
48000000	97000000	3000.5774
49000000	97000000	2458.6702
50000000	97000000	2413.8325
51000000	97000000	1764.1133
52000000	97000000	1389.8873
53000000	97000000	4651.4907
54000000	97000000	5086.7437
55000000	97000000	3854.8086
56000000	97000000	3061.6501
57000000	97000000	1961.4951
58000000	97000000	1900.6487
59000000	97000000	1020.0223
60000000	97000000	2104.3157
61000000	97000000	2598.319
62000000	97000000	2307.2456
63000000	97000000	1170.744
64000000	97000000	460.24832
65000000	97000000	557.7054
66000000	97000000	726.7751
67000000	97000000	869.90515
68000000	97000000	1140.716
69000000	97000000	1542.8663
70000000	97000000	1399.2224
71000000	97000000	2793.377
72000000	97000000	1556.059
73000000	97000000	2136.9443
74000000	97000000	1074.5657
75000000	97000000	779.9343
76000000	97000000	1589.1222
77000000	97000000	1398.8202
78000000	97000000	1218.4
79000000	97000000	2249.743
80000000	97000000	2828.6084
81000000	97000000	3889.5872
82000000	97000000	4203.946
83000000	97000000	3329.4976
84000000	97000000	4935.081
85000000	97000000	2984.3296
86000000	97000000	8462.704
87000000	97000000	17472.885
88000000	97000000	13520.719
89000000	97000000	5824.4253
90000000	97000000	3314.5044
91000000	97000000	5430.8687
92000000	97000000	12542.266
93000000	97000000	15184.583
94000000	97000000	35698.6
95000000	97000000	128369.97
96000000	97000000	145060.64
97000000	97000000	564499.75
20000000	98000000	4179.1865
21000000	98000000	1785.7904
22000000	98000000	2692.5354
23000000	98000000	3289.3936
24000000	98000000	4768.0854
25000000	98000000	3963.1416
26000000	98000000	4807.507
27000000	98000000	5449.081
28000000	98000000	3927.896
29000000	98000000	3721.677
30000000	98000000	3450.912
31000000	98000000	1199.8279
32000000	98000000	2898.0864
33000000	98000000	2354.2812
34000000	98000000	1694.6654
35000000	98000000	2427.5728
36000000	98000000	3914.1436
37000000	98000000	4200.1216
38000000	98000000	2643.162
39000000	98000000	2874.3445
40000000	98000000	700.53516
41000000	98000000	440.5755
42000000	98000000	444.39108
43000000	98000000	460.71548
44000000	98000000	759.8687
45000000	98000000	1980.8759
46000000	98000000	7518.581
47000000	98000000	6753.8213
48000000	98000000	3478.8345
49000000	98000000	2482.039
50000000	98000000	2443.4556
51000000	98000000	1855.6473
52000000	98000000	1272.076
53000000	98000000	5998.556
54000000	98000000	5657.708
55000000	98000000	4178.8276
56000000	98000000	3192.9634
57000000	98000000	1948.9341
58000000	98000000	2099.141
59000000	98000000	951.0764
60000000	98000000	2516.2744
61000000	98000000	3431.6614
62000000	98000000	2816.2998
63000000	98000000	1222.1752
64000000	98000000	429.4229
65000000	98000000	520.55145
66000000	98000000	741.8969
67000000	98000000	811.56134
68000000	98000000	1148.7758
69000000	98000000	1811.4926
70000000	98000000	1542.8285
71000000	98000000	3748.155
72000000	98000000	1504.2227
73000000	98000000	2639.9
74000000	98000000	1134.7104
75000000	98000000	679.66846
76000000	98000000	1713.9542
77000000	98000000	1435.7661
78000000	98000000	1386.1104
79000000	98000000	2662.5999
80000000	98000000	3262.5818
81000000	98000000	4680.6055
82000000	98000000	5213.196
83000000	98000000	3782.9521
84000000	98000000	5746.296
85000000	98000000	2992.0146
86000000	98000000	11295.454
87000000	98000000	24943.082
88000000	98000000	20634.582
89000000	98000000	6852.8857
90000000	98000000	3141.6526
91000000	98000000	5584.179
92000000	98000000	16434.678
93000000	98000000	18711.666
94000000	98000000	41126.426
95000000	98000000	87413.91
96000000	98000000	52197.816
97000000	98000000	141846.42
98000000	98000000	555988.8
20000000	99000000	1952.3304
21000000	99000000	1467.9111
22000000	99000000	3047.5686
23000000	99000000	2078.843
24000000	99000000	1225.0011
25000000	99000000	2025.579
26000000	99000000	1722.1171
27000000	99000000	1334.5292
28000000	99000000	2243.057
29000000	99000000	3065.0432
30000000	99000000	2189.8772
31000000	99000000	3178.9333
32000000	99000000	2599.3245
33000000	99000000	2947.754
34000000	99000000	3147.7053
35000000	99000000	3064.635
36000000	99000000	2402.9587
37000000	99000000	2736.3618
38000000	99000000	3219.1167
39000000	99000000	3089.084
40000000	99000000	2556.3684
41000000	99000000	1473.7725
42000000	99000000	1489.8204
43000000	99000000	1518.5457
44000000	99000000	2440.2349
45000000	99000000	4312.362
46000000	99000000	2489.916
47000000	99000000	2361.6084
48000000	99000000	3753.3162
49000000	99000000	3213.6843
50000000	99000000	3227.5017
51000000	99000000	3754.223
52000000	99000000	4349.6016
53000000	99000000	4180.034
54000000	99000000	3129.566
55000000	99000000	3908.2195
56000000	99000000	4219.917
57000000	99000000	3941.5928
58000000	99000000	3083.164
59000000	99000000	3095.1604
60000000	99000000	3300.4033
61000000	99000000	3137.6643
62000000	99000000	3363.1338
63000000	99000000	2697.812
64000000	99000000	1716.0895
65000000	99000000	1568.8713
66000000	99000000	1830.5011
67000000	99000000	2044.9159
68000000	99000000	2417.1763
69000000	99000000	2748.6343
70000000	99000000	2663.2766
71000000	99000000	3162.4045
72000000	99000000	3224.7295
73000000	99000000	3252.132
74000000	99000000	2494.183
75000000	99000000	1946.885
76000000	99000000	2614.8875
77000000	99000000	2778.7373
78000000	99000000	2970.3552
79000000	99000000	3923.5808
80000000	99000000	4688.7046
81000000	99000000	5295.6104
82000000	99000000	5376.8994
83000000	99000000	6163.512
84000000	99000000	6539.476
85000000	99000000	8634.674
86000000	99000000	11187.969
87000000	99000000	8060.4673
88000000	99000000	11263.738
89000000	99000000	12453.8545
90000000	99000000	8520.649
91000000	99000000	10431.696
92000000	99000000	14841.97
93000000	99000000	20423.719
94000000	99000000	24029.396
95000000	99000000	23857.518
96000000	99000000	27179.818
97000000	99000000	24245.135
98000000	99000000	78932.1
99000000	99000000	594329.94
20000000	100000000	2532.3245
21000000	100000000	1352.6561
22000000	100000000	2597.8767
23000000	100000000	2291.6821
24000000	100000000	1974.5436
25000000	100000000	2490.5508
26000000	100000000	2467.7837
27000000	100000000	2382.3684
28000000	100000000	2623.514
29000000	100000000	3085.0488
30000000	100000000	2583.5168
31000000	100000000	2927.617
32000000	100000000	2687.2927
33000000	100000000	2845.7437
34000000	100000000	2844.0476
35000000	100000000	2814.795
36000000	100000000	2323.666
37000000	100000000	2496.232
38000000	100000000	2764.2458
39000000	100000000	2904.919
40000000	100000000	2486.3198
41000000	100000000	1752.8154
42000000	100000000	1569.4276
43000000	100000000	1744.0952
44000000	100000000	2519.361
45000000	100000000	3745.557
46000000	100000000	3420.3203
47000000	100000000	3084.8188
48000000	100000000	3310.5352
49000000	100000000	3060.2861
50000000	100000000	3080.9194
51000000	100000000	3455.7297
52000000	100000000	3637.6782
53000000	100000000	3771.5178
54000000	100000000	3082.3848
55000000	100000000	3673.0771
56000000	100000000	3827.428
57000000	100000000	3611.5632
58000000	100000000	3263.31
59000000	100000000	2871.899
60000000	100000000	3190.2922
61000000	100000000	3394.43
62000000	100000000	3672.1853
63000000	100000000	2667.0596
64000000	100000000	1871.4448
65000000	100000000	1627.9487
66000000	100000000	1925.1129
67000000	100000000	2038.54
68000000	100000000	2552.3203
69000000	100000000	2851.0605
70000000	100000000	2839.5444
71000000	100000000	3747.8076
72000000	100000000	3131.144
73000000	100000000	3289.8643
74000000	100000000	2568.9966
75000000	100000000	2047.7031
76000000	100000000	2849.0815
77000000	100000000	2957.211
78000000	100000000	3085.1958
79000000	100000000	4276.3887
80000000	100000000	5082.4834
81000000	100000000	5372.1294
82000000	100000000	5540.312
83000000	100000000	5973.5713
84000000	100000000	6843.059
85000000	100000000	7331.664
86000000	100000000	9023.859
87000000	100000000	10157.985
88000000	100000000	10898.853
89000000	100000000	9952.736
90000000	100000000	7705.569
91000000	100000000	9254.786
92000000	100000000	12825.128
93000000	100000000	14775.766
94000000	100000000	16283.636
95000000	100000000	17023.605
96000000	100000000	18185.271
97000000	100000000	19080.738
98000000	100000000	36596.95
99000000	100000000	181087.98
100000000	100000000	586149.25
20000000	101000000	2013.1315
21000000	101000000	1337.4235
22000000	101000000	3046.689
23000000	101000000	2192.2095
24000000	101000000	1234.2894
25000000	101000000	1982.6643
26000000	101000000	1681.2456
27000000	101000000	1327.2373
28000000	101000000	2412.3684
29000000	101000000	2900.468
30000000	101000000	2151.2761
31000000	101000000	3349.2056
32000000	101000000	2601.751
33000000	101000000	2849.247
34000000	101000000	3124.3835
35000000	101000000	2670.266
36000000	101000000	1899.7549
37000000	101000000	2148.2896
38000000	101000000	2908.0503
39000000	101000000	2791.738
40000000	101000000	2949.7273
41000000	101000000	2063.9382
42000000	101000000	1947.2917
43000000	101000000	2057.019
44000000	101000000	2841.314
45000000	101000000	4270.6626
46000000	101000000	2251.1409
47000000	101000000	1968.6278
48000000	101000000	3284.373
49000000	101000000	2987.0889
50000000	101000000	3018.9824
51000000	101000000	3569.3987
52000000	101000000	4095.0764
53000000	101000000	3223.9927
54000000	101000000	2614.0454
55000000	101000000	3290.9143
56000000	101000000	3460.7295
57000000	101000000	3497.6904
58000000	101000000	3152.5984
59000000	101000000	3145.9114
60000000	101000000	3331.5183
61000000	101000000	3207.1304
62000000	101000000	3663.5598
63000000	101000000	3150.5679
64000000	101000000	2094.5051
65000000	101000000	2112.357
66000000	101000000	2427.4885
67000000	101000000	2373.5183
68000000	101000000	2940.4395
69000000	101000000	3276.4854
70000000	101000000	3136.9238
71000000	101000000	3485.095
72000000	101000000	3692.2283
73000000	101000000	3629.1091
74000000	101000000	3279.6296
75000000	101000000	2595.5957
76000000	101000000	3108.7585
77000000	101000000	3363.8838
78000000	101000000	3903.3752
79000000	101000000	4946.67
80000000	101000000	5313.4795
81000000	101000000	5641.0913
82000000	101000000	5392.2173
83000000	101000000	6624.1226
84000000	101000000	6347.6846
85000000	101000000	7874.6685
86000000	101000000	8187.928
87000000	101000000	6002.4907
88000000	101000000	8184.873
89000000	101000000	11102.851
90000000	101000000	8596.338
91000000	101000000	10232.373
92000000	101000000	11466.943
93000000	101000000	13645.312
94000000	101000000	12406.7
95000000	101000000	10631.727
96000000	101000000	13163.671
97000000	101000000	10988.721
98000000	101000000	17350.13
99000000	101000000	39914.914
100000000	101000000	109341.64
101000000	101000000	602479.6
20000000	102000000	2079.7327
21000000	102000000	1430.6772
22000000	102000000	2851.611
23000000	102000000	2071.7925
24000000	102000000	1311.3898
25000000	102000000	1949.302
26000000	102000000	1753.4259
27000000	102000000	1420.1117
28000000	102000000	2519.0496
29000000	102000000	3113.2534
30000000	102000000	2074.2417
31000000	102000000	2399.2197
32000000	102000000	2317.694
33000000	102000000	2746.8418
34000000	102000000	2557.7717
35000000	102000000	2302.5896
36000000	102000000	1840.7119
37000000	102000000	1853.1572
38000000	102000000	2255.793
39000000	102000000	2629.0667
40000000	102000000	1930.8843
41000000	102000000	1474.349
42000000	102000000	1537.5883
43000000	102000000	1543.509
44000000	102000000	2220.41
45000000	102000000	3127.2031
46000000	102000000	2349.5005
47000000	102000000	2036.104
48000000	102000000	2724.2961
49000000	102000000	2459.6675
50000000	102000000	2343.6614
51000000	102000000	2803.8403
52000000	102000000	2594.3179
53000000	102000000	3227.7383
54000000	102000000	1922.0212
55000000	102000000	2737.6633
56000000	102000000	2799.1428
57000000	102000000	2720.1875
58000000	102000000	2728.7407
59000000	102000000	2088.843
60000000	102000000	3071.9102
61000000	102000000	3119.932
62000000	102000000	3538.453
63000000	102000000	2694.804
64000000	102000000	1272.8959
65000000	102000000	1716.987
66000000	102000000	2013.2042
67000000	102000000	1992.7262
68000000	102000000	2466.2356
69000000	102000000	2864.3557
70000000	102000000	2496.2268
71000000	102000000	3535.7834
72000000	102000000	2917.2383
73000000	102000000	3747.8965
74000000	102000000	2772.1243
75000000	102000000	1986.5964
76000000	102000000	2927.9722
77000000	102000000	2741.5505
78000000	102000000	3303.6975
79000000	102000000	4395.538
80000000	102000000	4653.9355
81000000	102000000	4813.3677
82000000	102000000	4686.9604
83000000	102000000	5320.787
84000000	102000000	5342.9893
85000000	102000000	5001.068
86000000	102000000	6256.9497
87000000	102000000	5517.5273
88000000	102000000	7430.002
89000000	102000000	8533.777
90000000	102000000	6110.804
91000000	102000000	6796.2026
92000000	102000000	10044.198
93000000	102000000	10711.677
94000000	102000000	10125.613
95000000	102000000	8494.141
96000000	102000000	8023.598
97000000	102000000	8701.37
98000000	102000000	13592.069
99000000	102000000	20526.045
100000000	102000000	40048.812
101000000	102000000	212157.83
102000000	102000000	753765.6
