0	0	817061.5
0	1000000	182535.95
1000000	1000000	735007.06
0	2000000	51022.13
1000000	2000000	136098.9
2000000	2000000	804137.4
0	3000000	22979.361
1000000	3000000	28601.61
2000000	3000000	97376.234
3000000	3000000	738504.0
0	4000000	17965.717
1000000	4000000	21775.459
2000000	4000000	30506.682
3000000	4000000	149244.58
4000000	4000000	648142.5
0	5000000	7996.742
1000000	5000000	9944.2705
2000000	5000000	6426.6646
3000000	5000000	16469.926
4000000	5000000	88760.82
5000000	5000000	522839.75
0	6000000	4559.4224
1000000	6000000	5343.9497
2000000	6000000	2974.0771
3000000	6000000	6656.6743
4000000	6000000	14157.77
5000000	6000000	159727.88
6000000	6000000	544584.8
0	7000000	3817.8147
1000000	7000000	4397.8374
2000000	7000000	2386.8188
3000000	7000000	4674.163
4000000	7000000	8028.457
5000000	7000000	66870.25
6000000	7000000	163602.22
7000000	7000000	576690.75
0	8000000	4554.0835
1000000	8000000	4791.766
2000000	8000000	3243.8052
3000000	8000000	6165.186
4000000	8000000	13859.642
5000000	8000000	46786.74
6000000	8000000	65648.74
7000000	8000000	122774.8
8000000	8000000	511627.0
0	9000000	4094.3992
1000000	9000000	4194.138
2000000	9000000	3413.4912
3000000	9000000	6476.6636
4000000	9000000	12857.809
5000000	9000000	22933.06
6000000	9000000	19990.174
7000000	9000000	26011.494
8000000	9000000	145627.47
9000000	9000000	531606.5
0	10000000	3859.6685
1000000	10000000	3644.7083
2000000	10000000	3769.249
3000000	10000000	7730.619
4000000	10000000	10651.465
5000000	10000000	12979.149
6000000	10000000	9797.96
7000000	10000000	12033.367
8000000	10000000	47134.684
9000000	10000000	202800.48
10000000	10000000	613295.75
0	11000000	4742.6885
1000000	11000000	4026.352
2000000	11000000	5797.681
3000000	11000000	9177.8545
4000000	11000000	11607.668
5000000	11000000	5286.712
6000000	11000000	2752.485
7000000	11000000	3249.333
8000000	11000000	12370.212
9000000	11000000	26446.166
10000000	11000000	112568.25
11000000	11000000	788314.6
0	12000000	3818.2468
1000000	12000000	3556.057
2000000	12000000	3698.5557
3000000	12000000	6244.301
4000000	12000000	9062.732
5000000	12000000	8863.826
6000000	12000000	6214.7954
7000000	12000000	7088.3506
8000000	12000000	14189.234
9000000	12000000	22304.367
10000000	12000000	29796.734
11000000	12000000	92280.44
12000000	12000000	619655.75
0	13000000	3058.6377
1000000	13000000	3185.5522
2000000	13000000	2310.124
3000000	13000000	4327.686
4000000	13000000	5300.072
5000000	13000000	15065.759
6000000	13000000	16183.717
7000000	13000000	18482.572
8000000	13000000	19902.312
9000000	13000000	22946.8
10000000	13000000	19419.562
11000000	13000000	17688.65
12000000	13000000	165032.39
13000000	13000000	631301.3
0	14000000	4398.8833
1000000	14000000	4052.8813
2000000	14000000	4721.8003
3000000	14000000	7300.809
4000000	14000000	9252.476
5000000	14000000	6415.2256
6000000	14000000	3577.1462
7000000	14000000	3937.1033
8000000	14000000	8464.814
9000000	14000000	11527.238
10000000	14000000	14963.936
11000000	14000000	24894.914
12000000	14000000	63186.06
13000000	14000000	90414.38
14000000	14000000	778395.44
0	15000000	5711.7183
1000000	15000000	6101.391
2000000	15000000	6314.4316
3000000	15000000	7740.1206
4000000	15000000	10426.104
5000000	15000000	5924.5356
6000000	15000000	3559.4336
7000000	15000000	3758.176
8000000	15000000	6654.038
9000000	15000000	8100.1074
10000000	15000000	8394.563
11000000	15000000	11953.619
12000000	15000000	18255.29
13000000	15000000	18220.49
14000000	15000000	46118.652
15000000	15000000	657821.0
0	16000000	4122.946
1000000	16000000	4252.513
2000000	16000000	4210.4556
3000000	16000000	5828.6284
4000000	16000000	7189.922
5000000	16000000	5662.043
6000000	16000000	4076.6484
7000000	16000000	4117.867
8000000	16000000	5901.55
9000000	16000000	6740.4233
10000000	16000000	6896.947
11000000	16000000	8059.4966
12000000	16000000	12308.065
13000000	16000000	13584.9
14000000	16000000	23236.818
15000000	16000000	231683.4
16000000	16000000	603934.44
0	17000000	3715.5547
1000000	17000000	3972.4941
2000000	17000000	3308.3484
3000000	17000000	4991.8916
4000000	17000000	6075.4
5000000	17000000	8581.857
6000000	17000000	7433.343
7000000	17000000	7501.9106
8000000	17000000	8890.743
9000000	17000000	9475.786
10000000	17000000	8854.073
11000000	17000000	7371.572
12000000	17000000	13060.871
13000000	17000000	17892.08
14000000	17000000	15763.7295
15000000	17000000	29206.082
16000000	17000000	129254.15
17000000	17000000	628641.44
0	18000000	3802.5024
1000000	18000000	4105.416
2000000	18000000	3513.8813
3000000	18000000	4666.663
4000000	18000000	6263.296
5000000	18000000	7030.0854
6000000	18000000	5843.4756
7000000	18000000	5841.8794
8000000	18000000	7298.963
9000000	18000000	7174.8896
10000000	18000000	6007.5166
11000000	18000000	6305.574
12000000	18000000	9275.256
13000000	18000000	12403.375
14000000	18000000	11634.756
15000000	18000000	25346.688
16000000	18000000	46087.918
17000000	18000000	131773.58
18000000	18000000	696975.06
0	19000000	4165.159
1000000	19000000	4499.2363
2000000	19000000	3781.679
3000000	19000000	5547.9634
4000000	19000000	7508.2764
5000000	19000000	8475.602
6000000	19000000	6085.3555
7000000	19000000	5981.1626
8000000	19000000	8529.86
9000000	19000000	8792.167
10000000	19000000	7579.011
11000000	19000000	6710.3047
12000000	19000000	12001.783
13000000	19000000	12722.238
14000000	19000000	12783.643
15000000	19000000	20098.521
16000000	19000000	24174.762
17000000	19000000	42211.703
18000000	19000000	107112.01
19000000	19000000	591164.5
0	20000000	3340.7847
1000000	20000000	3814.2568
2000000	20000000	2940.4033
3000000	20000000	4253.074
4000000	20000000	5932.2515
5000000	20000000	8832.498
6000000	20000000	7333.495
7000000	20000000	7519.898
8000000	20000000	8427.798
9000000	20000000	8602.699
10000000	20000000	6383.0117
11000000	20000000	5220.1475
12000000	20000000	10400.517
13000000	20000000	13354.529
14000000	20000000	9116.831
15000000	20000000	13612.789
16000000	20000000	15068.263
17000000	20000000	26260.658
18000000	20000000	27729.53
19000000	20000000	138140.11
20000000	20000000	550922.7
0	21000000	3464.722
1000000	21000000	3570.5432
2000000	21000000	3791.556
3000000	21000000	5169.2725
4000000	21000000	6179.398
5000000	21000000	3795.2268
6000000	21000000	2349.219
7000000	21000000	2278.6448
8000000	21000000	3796.352
9000000	21000000	4616.169
10000000	21000000	4771.3594
11000000	21000000	5855.007
12000000	21000000	6678.6
13000000	21000000	5597.011
14000000	21000000	7230.8267
15000000	21000000	10175.515
16000000	21000000	8607.284
17000000	21000000	11863.504
18000000	21000000	13442.659
19000000	21000000	31033.52
20000000	21000000	143075.08
21000000	21000000	618774.9
0	22000000	3774.6072
1000000	22000000	3928.9268
2000000	22000000	4350.0366
3000000	22000000	5732.2847
4000000	22000000	6908.7793
5000000	22000000	4402.174
6000000	22000000	3255.5454
7000000	22000000	3216.557
8000000	22000000	4350.4727
9000000	22000000	5322.952
10000000	22000000	4645.5806
11000000	22000000	5760.889
12000000	22000000	6874.0425
13000000	22000000	6685.688
14000000	22000000	7063.3657
15000000	22000000	10677.29
16000000	22000000	9327.479
17000000	22000000	11810.596
18000000	22000000	13286.984
19000000	22000000	25598.104
20000000	22000000	53803.34
21000000	22000000	199112.03
22000000	22000000	612240.9
0	23000000	3825.4292
1000000	23000000	3603.3303
2000000	23000000	4074.174
3000000	23000000	5853.3384
4000000	23000000	7518.4307
5000000	23000000	4106.939
6000000	23000000	2339.0884
7000000	23000000	2257.6538
8000000	23000000	4042.595
9000000	23000000	5220.181
10000000	23000000	5600.761
11000000	23000000	6695.969
12000000	23000000	7161.3506
13000000	23000000	5133.0786
14000000	23000000	8018.047
15000000	23000000	9611.434
16000000	23000000	7864.647
17000000	23000000	9728.581
18000000	23000000	9978.505
19000000	23000000	17710.873
20000000	23000000	22635.36
21000000	23000000	54965.145
22000000	23000000	102038.57
23000000	23000000	635547.2
0	24000000	2908.424
1000000	24000000	3042.2166
2000000	24000000	2859.241
3000000	24000000	4313.1577
4000000	24000000	6620.682
5000000	24000000	5762.901
6000000	24000000	3588.3733
7000000	24000000	3562.5864
8000000	24000000	5344.5093
9000000	24000000	6183.8237
10000000	24000000	5406.873
11000000	24000000	4901.0635
12000000	24000000	6538.6807
13000000	24000000	5866.1836
14000000	24000000	7014.9087
15000000	24000000	8232.386
16000000	24000000	6954.9253
17000000	24000000	9219.525
18000000	24000000	9254.742
19000000	24000000	16857.857
20000000	24000000	20542.33
21000000	24000000	20780.035
22000000	24000000	32671.885
23000000	24000000	160345.53
24000000	24000000	598105.56
0	25000000	2639.312
1000000	25000000	2916.7236
2000000	25000000	2104.434
3000000	25000000	3282.678
4000000	25000000	5588.1294
5000000	25000000	10869.4375
6000000	25000000	9572.437
7000000	25000000	9426.206
8000000	25000000	10222.327
9000000	25000000	8922.517
10000000	25000000	6051.294
11000000	25000000	3808.6233
12000000	25000000	7256.963
13000000	25000000	10089.898
14000000	25000000	6153.3823
15000000	25000000	6672.9683
16000000	25000000	6625.0674
17000000	25000000	11177.511
18000000	25000000	9691.29
19000000	25000000	15843.872
20000000	25000000	20703.957
21000000	25000000	11917.412
22000000	25000000	17759.996
23000000	25000000	29449.328
24000000	25000000	124034.83
25000000	25000000	513767.38
0	26000000	2265.748
1000000	26000000	2727.236
2000000	26000000	1408.8094
3000000	26000000	2151.0771
4000000	26000000	4171.6523
5000000	26000000	14185.928
6000000	26000000	14528.7
7000000	26000000	14654.681
8000000	26000000	12861.346
9000000	26000000	9519.072
10000000	26000000	5344.4004
11000000	26000000	2287.1504
12000000	26000000	6902.8354
13000000	26000000	12979.941
14000000	26000000	4275.192
15000000	26000000	5664.5703
16000000	26000000	6451.309
17000000	26000000	11769.778
18000000	26000000	9342.877
19000000	26000000	14649.282
20000000	26000000	20552.744
21000000	26000000	8067.3604
22000000	26000000	13824.723
23000000	26000000	14109.922
24000000	26000000	33301.61
25000000	26000000	165596.53
26000000	26000000	554016.44
0	27000000	3975.3804
1000000	27000000	4297.8286
2000000	27000000	3242.357
3000000	27000000	5335.3447
4000000	27000000	8604.837
5000000	27000000	9260.3
6000000	27000000	5216.0327
7000000	27000000	4926.1587
8000000	27000000	7968.6733
9000000	27000000	8546.091
10000000	27000000	7407.397
11000000	27000000	5669.963
12000000	27000000	8285.042
13000000	27000000	7571.0054
14000000	27000000	7779.768
15000000	27000000	8827.255
16000000	27000000	7879.782
17000000	27000000	10508.839
18000000	27000000	9128.379
19000000	27000000	15145.063
20000000	27000000	15626.738
21000000	27000000	11089.972
22000000	27000000	14360.936
23000000	27000000	20092.275
24000000	27000000	33099.633
25000000	27000000	72075.16
26000000	27000000	110944.96
27000000	27000000	568363.0
0	28000000	6395.846
1000000	28000000	6981.5615
2000000	28000000	7907.381
3000000	28000000	8811.881
4000000	28000000	11541.504
5000000	28000000	5287.266
6000000	28000000	2408.5237
7000000	28000000	2245.4944
8000000	28000000	4520.6465
9000000	28000000	5258.3516
10000000	28000000	5253.7476
11000000	28000000	6456.8696
12000000	28000000	6376.2847
13000000	28000000	4287.2227
14000000	28000000	6891.8037
15000000	28000000	9805.4375
16000000	28000000	7151.149
17000000	28000000	7033.087
18000000	28000000	7373.6465
19000000	28000000	10050.87
20000000	28000000	9308.044
21000000	28000000	10613.42
22000000	28000000	12311.112
23000000	28000000	16459.402
24000000	28000000	18861.994
25000000	28000000	20912.744
26000000	28000000	21665.008
27000000	28000000	115704.69
28000000	28000000	679972.3
0	29000000	6130.585
1000000	29000000	6164.751
2000000	29000000	9562.805
3000000	29000000	9006.503
4000000	29000000	8263.475
5000000	29000000	2235.9482
6000000	29000000	979.26575
7000000	29000000	884.2706
8000000	29000000	2029.9777
9000000	29000000	2679.2036
10000000	29000000	3606.8105
11000000	29000000	5920.315
12000000	29000000	3640.4333
13000000	29000000	2155.6084
14000000	29000000	4471.762
15000000	29000000	5760.455
16000000	29000000	4163.15
17000000	29000000	3797.3127
18000000	29000000	3831.175
19000000	29000000	4683.517
20000000	29000000	3973.725
21000000	29000000	5942.452
22000000	29000000	6838.96
23000000	29000000	7873.8403
24000000	29000000	6648.512
25000000	29000000	5609.512
26000000	29000000	4860.6104
27000000	29000000	14661.914
28000000	29000000	100289.6
29000000	29000000	810434.6
0	30000000	8153.6543
1000000	30000000	7289.944
2000000	30000000	11948.47
3000000	30000000	11590.697
4000000	30000000	12328.283
5000000	30000000	2967.1675
6000000	30000000	1100.4807
7000000	30000000	1028.3425
8000000	30000000	2754.9094
9000000	30000000	3306.7168
10000000	30000000	4494.4375
11000000	30000000	7377.3657
12000000	30000000	3725.7075
13000000	30000000	1842.8771
14000000	30000000	5177.4663
15000000	30000000	5627.105
16000000	30000000	4189.646
17000000	30000000	3504.8987
18000000	30000000	4230.2437
19000000	30000000	4143.3477
20000000	30000000	3116.5474
21000000	30000000	4841.5415
22000000	30000000	5426.1426
23000000	30000000	6802.167
24000000	30000000	5238.102
25000000	30000000	4624.4053
26000000	30000000	3227.5012
27000000	30000000	10316.888
28000000	30000000	37880.707
29000000	30000000	158837.94
30000000	30000000	749877.2
0	31000000	7067.545
1000000	31000000	6508.1177
2000000	31000000	5641.1895
3000000	31000000	9013.264
4000000	31000000	12557.193
5000000	31000000	13978.746
6000000	31000000	8876.756
7000000	31000000	7556.8633
8000000	31000000	10519.24
9000000	31000000	8242.006
10000000	31000000	7718.7593
11000000	31000000	5262.131
12000000	31000000	5465.1763
13000000	31000000	6024.3193
14000000	31000000	6489.64
15000000	31000000	5947.6807
16000000	31000000	5285.948
17000000	31000000	6857.283
18000000	31000000	6899.4126
19000000	31000000	7987.6875
20000000	31000000	5926.0415
21000000	31000000	4788.979
22000000	31000000	5066.842
23000000	31000000	6288.51
24000000	31000000	7096.593
25000000	31000000	10168.001
26000000	31000000	10536.736
27000000	31000000	16086.407
28000000	31000000	18708.812
29000000	31000000	17184.094
30000000	31000000	115309.14
31000000	31000000	699897.4
0	32000000	1801.8232
1000000	32000000	1912.1093
2000000	32000000	833.4927
3000000	32000000	2019.1248
4000000	32000000	2569.2166
5000000	32000000	16649.904
6000000	32000000	23621.295
7000000	32000000	23712.043
8000000	32000000	12881.372
9000000	32000000	5619.891
10000000	32000000	3722.0022
11000000	32000000	1144.118
12000000	32000000	2968.7256
13000000	32000000	8170.363
14000000	32000000	2157.3735
15000000	32000000	1990.2285
16000000	32000000	2354.961
17000000	32000000	4595.012
18000000	32000000	3575.3274
19000000	32000000	4393.2607
20000000	32000000	4847.154
21000000	32000000	1867.1113
22000000	32000000	2655.5254
23000000	32000000	2277.686
24000000	32000000	3722.5955
25000000	32000000	9426.522
26000000	32000000	13903.622
27000000	32000000	6894.048
28000000	32000000	4080.8457
29000000	32000000	3027.5515
30000000	32000000	5014.6177
31000000	32000000	49241.652
32000000	32000000	746629.44
0	33000000	2024.533
1000000	33000000	2196.533
2000000	33000000	1129.8173
3000000	33000000	2430.4158
4000000	33000000	3419.4287
5000000	33000000	15630.257
6000000	33000000	21473.355
7000000	33000000	21863.348
8000000	33000000	13347.364
9000000	33000000	7022.632
10000000	33000000	4594.8447
11000000	33000000	1839.4413
12000000	33000000	4308.6387
13000000	33000000	8226.604
14000000	33000000	3134.969
15000000	33000000	2611.6172
16000000	33000000	3082.1616
17000000	33000000	5452.247
18000000	33000000	4563.471
19000000	33000000	5237.913
20000000	33000000	5841.79
21000000	33000000	2461.8313
22000000	33000000	3133.7139
23000000	33000000	3345.6643
24000000	33000000	4907.0903
25000000	33000000	10418.145
26000000	33000000	13826.791
27000000	33000000	8040.053
28000000	33000000	5035.335
29000000	33000000	3278.2446
30000000	33000000	5233.55
31000000	33000000	30707.441
32000000	33000000	156316.81
33000000	33000000	708127.3
0	34000000	1206.3175
1000000	34000000	1251.8767
2000000	34000000	502.556
3000000	34000000	1377.1797
4000000	34000000	1618.1029
5000000	34000000	11437.879
6000000	34000000	19557.83
7000000	34000000	21084.219
8000000	34000000	9326.212
9000000	34000000	3887.1099
10000000	34000000	2172.783
11000000	34000000	730.3106
12000000	34000000	2052.3945
13000000	34000000	5641.3457
14000000	34000000	1262.1217
15000000	34000000	1186.1748
16000000	34000000	1674.117
17000000	34000000	3042.6155
18000000	34000000	2209.356
19000000	34000000	2572.0222
20000000	34000000	3163.6858
21000000	34000000	1170.1461
22000000	34000000	1581.9573
23000000	34000000	1287.0739
24000000	34000000	2368.9233
25000000	34000000	5610.2676
26000000	34000000	8943.914
27000000	34000000	3307.2383
28000000	34000000	1822.7136
29000000	34000000	1251.0758
30000000	34000000	1520.3491
31000000	34000000	8853.531
32000000	34000000	31164.49
33000000	34000000	39015.867
34000000	34000000	712257.8
0	35000000	792.9993
1000000	35000000	596.34314
2000000	35000000	314.8505
3000000	35000000	747.20807
4000000	35000000	808.3433
5000000	35000000	6029.3486
6000000	35000000	11239.588
7000000	35000000	12000.433
8000000	35000000	5280.2295
9000000	35000000	1966.6335
10000000	35000000	1235.3248
11000000	35000000	369.18805
12000000	35000000	981.22394
13000000	35000000	3309.8125
14000000	35000000	765.99207
15000000	35000000	582.20087
16000000	35000000	863.2388
17000000	35000000	1739.0735
18000000	35000000	1206.3602
19000000	35000000	1353.5609
20000000	35000000	1579.3768
21000000	35000000	602.37195
22000000	35000000	820.82874
23000000	35000000	742.88074
24000000	35000000	1184.4166
25000000	35000000	2815.0735
26000000	35000000	4984.334
27000000	35000000	1750.5197
28000000	35000000	1038.8457
29000000	35000000	806.057
30000000	35000000	946.63464
31000000	35000000	5154.5225
32000000	35000000	20446.326
33000000	35000000	22790.744
34000000	35000000	199994.52
35000000	35000000	898672.8
0	46000000	2147.1191
1000000	46000000	1809.5094
2000000	46000000	1695.1216
3000000	46000000	3494.647
4000000	46000000	5018.094
5000000	46000000	7344.065
6000000	46000000	6055.951
7000000	46000000	5432.6323
8000000	46000000	6156.311
9000000	46000000	4955.668
10000000	46000000	4367.461
11000000	46000000	3322.0193
12000000	46000000	3754.7686
13000000	46000000	3239.3833
14000000	46000000	3400.0862
15000000	46000000	2375.6108
16000000	46000000	2035.8123
17000000	46000000	3277.261
18000000	46000000	2798.8853
19000000	46000000	3516.7686
20000000	46000000	2991.8105
21000000	46000000	2002.5591
22000000	46000000	2157.7996
23000000	46000000	2990.4587
24000000	46000000	3339.92
25000000	46000000	4612.227
26000000	46000000	4372.36
27000000	46000000	5111.433
28000000	46000000	3612.1514
29000000	46000000	2507.8196
30000000	46000000	4452.966
31000000	46000000	12247.402
32000000	46000000	8827.274
33000000	46000000	11453.476
34000000	46000000	16231.898
35000000	46000000	8506.05
46000000	46000000	652667.9
0	47000000	1518.4283
1000000	47000000	1390.2333
2000000	47000000	1407.7335
3000000	47000000	2819.8438
4000000	47000000	4005.2644
5000000	47000000	4997.269
6000000	47000000	3402.1343
7000000	47000000	3234.1929
8000000	47000000	4369.791
9000000	47000000	4138.066
10000000	47000000	4027.7332
11000000	47000000	2961.0186
12000000	47000000	3473.329
13000000	47000000	2906.1177
14000000	47000000	3264.5076
15000000	47000000	2084.294
16000000	47000000	2131.0876
17000000	47000000	2765.0063
18000000	47000000	2219.9143
19000000	47000000	3200.574
20000000	47000000	3025.6638
21000000	47000000	2225.025
22000000	47000000	2193.5742
23000000	47000000	2935.7305
24000000	47000000	3392.5479
25000000	47000000	4299.3623
26000000	47000000	4013.7104
27000000	47000000	4780.7935
28000000	47000000	3470.7314
29000000	47000000	2148.354
30000000	47000000	3381.715
31000000	47000000	7394.947
32000000	47000000	4761.3506
33000000	47000000	6826.4917
34000000	47000000	6888.421
35000000	47000000	3364.029
46000000	47000000	160228.8
47000000	47000000	585731.6
0	48000000	1549.7001
1000000	48000000	1430.1824
2000000	48000000	1212.0092
3000000	48000000	2369.3271
4000000	48000000	3885.148
5000000	48000000	5794.2256
6000000	48000000	4050.8323
7000000	48000000	3771.2468
8000000	48000000	4978.13
9000000	48000000	4822.8047
10000000	48000000	3946.6572
11000000	48000000	2610.4807
12000000	48000000	3781.557
13000000	48000000	3584.7686
14000000	48000000	2951.6062
15000000	48000000	2220.4426
16000000	48000000	2086.8308
17000000	48000000	3076.543
18000000	48000000	2302.0593
19000000	48000000	3467.8733
20000000	48000000	3531.8682
21000000	48000000	2145.71
22000000	48000000	2369.053
23000000	48000000	2988.2263
24000000	48000000	3783.8801
25000000	48000000	5147.722
26000000	48000000	5559.879
27000000	48000000	5605.588
28000000	48000000	3392.8403
29000000	48000000	1979.6664
30000000	48000000	2705.7158
31000000	48000000	6824.879
32000000	48000000	4831.3833
33000000	48000000	6782.2544
34000000	48000000	6821.316
35000000	48000000	3196.5977
46000000	48000000	76867.83
47000000	48000000	163487.08
48000000	48000000	509557.97
0	49000000	1263.0522
1000000	49000000	1410.3508
2000000	49000000	894.46515
3000000	49000000	1666.9551
4000000	49000000	3345.0396
5000000	49000000	6603.584
6000000	49000000	4740.965
7000000	49000000	4601.8384
8000000	49000000	5710.5264
9000000	49000000	5444.882
10000000	49000000	3495.7864
11000000	49000000	2128.9802
12000000	49000000	4144.021
13000000	49000000	3910.5557
14000000	49000000	2342.3198
15000000	49000000	2183.6155
16000000	49000000	2098.664
17000000	49000000	3300.423
18000000	49000000	2379.4487
19000000	49000000	3747.1487
20000000	49000000	4374.625
21000000	49000000	1943.6205
22000000	49000000	2759.201
23000000	49000000	2960.6096
24000000	49000000	4806.504
25000000	49000000	6507.5137
26000000	49000000	7796.768
27000000	49000000	6405.918
28000000	49000000	3378.8665
29000000	49000000	1448.366
30000000	49000000	1602.1703
31000000	49000000	4964.2095
32000000	49000000	4612.0884
33000000	49000000	6069.928
34000000	49000000	6702.747
35000000	49000000	3183.7876
46000000	49000000	21451.53
47000000	49000000	31578.451
48000000	49000000	122385.13
49000000	49000000	533727.94
0	50000000	1977.4175
1000000	50000000	1888.9136
2000000	50000000	1710.9584
3000000	50000000	2940.5183
4000000	50000000	4870.948
5000000	50000000	4961.855
6000000	50000000	2489.1074
7000000	50000000	2289.0464
8000000	50000000	4509.43
9000000	50000000	4332.368
10000000	50000000	4118.5034
11000000	50000000	3575.2366
12000000	50000000	4100.825
13000000	50000000	2653.338
14000000	50000000	3296.8318
15000000	50000000	2683.7822
16000000	50000000	2330.1807
17000000	50000000	3035.8582
18000000	50000000	2609.6099
19000000	50000000	3557.72
20000000	50000000	3277.2056
21000000	50000000	2459.2256
22000000	50000000	2628.4487
23000000	50000000	3830.3403
24000000	50000000	4521.1675
25000000	50000000	4678.572
26000000	50000000	4151.6704
27000000	50000000	6172.321
28000000	50000000	4335.122
29000000	50000000	2559.9866
30000000	50000000	3759.908
31000000	50000000	7069.009
32000000	50000000	3161.3333
33000000	50000000	4340.9854
34000000	50000000	3483.2266
35000000	50000000	1598.2943
46000000	50000000	18414.95
47000000	50000000	20096.752
48000000	50000000	34765.64
49000000	50000000	104942.83
50000000	50000000	603882.4
0	51000000	802.7087
1000000	51000000	955.0612
2000000	51000000	536.5122
3000000	51000000	970.8419
4000000	51000000	1823.351
5000000	51000000	6690.961
6000000	51000000	6961.346
7000000	51000000	7100.779
8000000	51000000	6087.004
9000000	51000000	4241.8916
10000000	51000000	2513.4075
11000000	51000000	1050.5591
12000000	51000000	2750.9077
13000000	51000000	4159.4937
14000000	51000000	1469.7567
15000000	51000000	1331.2642
16000000	51000000	1467.9315
17000000	51000000	2649.4998
18000000	51000000	1933.5967
19000000	51000000	2663.6392
20000000	51000000	3466.2478
21000000	51000000	1216.3118
22000000	51000000	1745.794
23000000	51000000	1632.1545
24000000	51000000	2817.524
25000000	51000000	5940.527
26000000	51000000	8435.861
27000000	51000000	3976.3135
28000000	51000000	1760.0243
29000000	51000000	721.3684
30000000	51000000	864.2253
31000000	51000000	3774.624
32000000	51000000	6385.632
33000000	51000000	7925.0703
34000000	51000000	10104.136
35000000	51000000	4893.829
46000000	51000000	11935.147
47000000	51000000	13502.014
48000000	51000000	24047.926
49000000	51000000	50190.688
50000000	51000000	87680.43
51000000	51000000	533869.3
0	52000000	647.82886
1000000	52000000	744.8456
2000000	52000000	434.79053
3000000	52000000	769.5168
4000000	52000000	1423.4137
5000000	52000000	5268.8027
6000000	52000000	5909.2866
7000000	52000000	6060.2925
8000000	52000000	4866.616
9000000	52000000	3415.213
10000000	52000000	1918.2975
11000000	52000000	849.7795
12000000	52000000	2196.119
13000000	52000000	3599.0916
14000000	52000000	1223.8636
15000000	52000000	1094.1625
16000000	52000000	1191.3958
17000000	52000000	2198.6663
18000000	52000000	1704.9395
19000000	52000000	2363.9438
20000000	52000000	2888.8284
21000000	52000000	1048.971
22000000	52000000	1463.4414
23000000	52000000	1410.3438
24000000	52000000	2401.926
25000000	52000000	4872.461
26000000	52000000	6698.2173
27000000	52000000	3019.7551
28000000	52000000	1331.3723
29000000	52000000	614.041
30000000	52000000	675.3777
31000000	52000000	3231.906
32000000	52000000	5855.102
33000000	52000000	6728.7495
34000000	52000000	8658.883
35000000	52000000	4686.864
46000000	52000000	8894.836
47000000	52000000	9922.094
48000000	52000000	15018.728
49000000	52000000	25056.455
50000000	52000000	26275.697
51000000	52000000	102655.35
52000000	52000000	554670.56
0	53000000	1279.2689
1000000	53000000	1077.0043
2000000	53000000	1089.8976
3000000	53000000	2007.8755
4000000	53000000	3053.6482
5000000	53000000	3468.4731
6000000	53000000	1975.3574
7000000	53000000	1819.1306
8000000	53000000	3508.1953
9000000	53000000	3455.8425
10000000	53000000	3228.2861
11000000	53000000	2736.7456
12000000	53000000	3267.2222
13000000	53000000	2001.6304
14000000	53000000	2960.3982
15000000	53000000	1920.8335
16000000	53000000	1761.2306
17000000	53000000	2400.8296
18000000	53000000	2069.5503
19000000	53000000	2910.1143
20000000	53000000	2604.751
21000000	53000000	1835.1195
22000000	53000000	1937.9269
23000000	53000000	3001.5361
24000000	53000000	3569.771
25000000	53000000	3851.0095
26000000	53000000	3142.397
27000000	53000000	4360.101
28000000	53000000	2644.934
29000000	53000000	1583.7761
30000000	53000000	2251.6611
31000000	53000000	4758.1846
32000000	53000000	2411.048
33000000	53000000	3684.3533
34000000	53000000	2757.7615
35000000	53000000	1421.1926
46000000	53000000	12127.986
47000000	53000000	12794.367
48000000	53000000	14384.689
49000000	53000000	16602.383
50000000	53000000	30975.123
51000000	53000000	31984.648
52000000	53000000	99982.664
53000000	53000000	546432.9
0	54000000	707.9545
1000000	54000000	760.6441
2000000	54000000	438.3672
3000000	54000000	772.7673
4000000	54000000	1529.8074
5000000	54000000	5306.784
6000000	54000000	5439.5654
7000000	54000000	5697.4146
8000000	54000000	4652.832
9000000	54000000	3441.139
10000000	54000000	2016.4209
11000000	54000000	1009.7889
12000000	54000000	2296.3982
13000000	54000000	3334.684
14000000	54000000	1275.9255
15000000	54000000	1149.0988
16000000	54000000	1219.0348
17000000	54000000	2166.78
18000000	54000000	1553.8451
19000000	54000000	2260.962
20000000	54000000	2850.4036
21000000	54000000	1063.2633
22000000	54000000	1544.5377
23000000	54000000	1393.3776
24000000	54000000	2532.8982
25000000	54000000	4735.072
26000000	54000000	6456.125
27000000	54000000	3453.1155
28000000	54000000	1527.3344
29000000	54000000	620.88983
30000000	54000000	695.0569
31000000	54000000	2843.804
32000000	54000000	4705.3115
33000000	54000000	5717.5073
34000000	54000000	7638.945
35000000	54000000	3704.2024
46000000	54000000	7675.3687
47000000	54000000	8140.5034
48000000	54000000	11849.821
49000000	54000000	19187.81
50000000	54000000	15710.093
51000000	54000000	39977.51
52000000	54000000	63406.52
53000000	54000000	122952.055
54000000	54000000	499491.16
0	55000000	728.82056
1000000	55000000	843.8542
2000000	55000000	507.0353
3000000	55000000	847.28864
4000000	55000000	1792.0863
5000000	55000000	5259.7153
6000000	55000000	4818.7363
7000000	55000000	4793.574
8000000	55000000	4684.495
9000000	55000000	3893.1553
10000000	55000000	2164.8472
11000000	55000000	1104.6879
12000000	55000000	2727.3123
13000000	55000000	3400.1309
14000000	55000000	1418.1873
15000000	55000000	1257.3513
16000000	55000000	1368.2203
17000000	55000000	2341.4111
18000000	55000000	1663.662
19000000	55000000	2581.3618
20000000	55000000	3205.955
21000000	55000000	1245.0247
22000000	55000000	1747.8097
23000000	55000000	1736.107
24000000	55000000	3054.9001
25000000	55000000	5013.832
26000000	55000000	6733.3145
27000000	55000000	3852.425
28000000	55000000	1697.7616
29000000	55000000	759.2064
30000000	55000000	716.54504
31000000	55000000	2851.939
32000000	55000000	4295.829
33000000	55000000	5173.69
34000000	55000000	6092.82
35000000	55000000	2808.8198
46000000	55000000	7605.9004
47000000	55000000	8478.101
48000000	55000000	12706.918
49000000	55000000	21292.086
50000000	55000000	16181.371
51000000	55000000	36633.72
52000000	55000000	48930.758
53000000	55000000	67265.3
54000000	55000000	149737.14
55000000	55000000	479902.88
0	56000000	1773.3745
1000000	56000000	1624.5406
2000000	56000000	1870.7733
3000000	56000000	2851.8735
4000000	56000000	4680.2866
5000000	56000000	3515.3552
6000000	56000000	1880.3191
7000000	56000000	1746.773
8000000	56000000	3483.8533
9000000	56000000	3764.195
10000000	56000000	3359.397
11000000	56000000	3722.3655
12000000	56000000	4007.3928
13000000	56000000	2446.6133
14000000	56000000	3155.6296
15000000	56000000	2723.9358
16000000	56000000	2362.9507
17000000	56000000	2666.583
18000000	56000000	2097.8123
19000000	56000000	3098.1814
20000000	56000000	2975.282
21000000	56000000	2673.2112
22000000	56000000	2982.1345
23000000	56000000	4114.422
24000000	56000000	4731.8413
25000000	56000000	4080.659
26000000	56000000	3460.7927
27000000	56000000	5241.3657
28000000	56000000	4113.304
29000000	56000000	2632.164
30000000	56000000	3373.5608
31000000	56000000	4617.326
32000000	56000000	1860.1342
33000000	56000000	2813.3618
34000000	56000000	2219.8188
35000000	56000000	1076.045
46000000	56000000	8627.753
47000000	56000000	10168.816
48000000	56000000	12397.318
49000000	56000000	15468.8545
50000000	56000000	19788.22
51000000	56000000	14459.932
52000000	56000000	15382.034
53000000	56000000	33902.46
54000000	56000000	27354.146
55000000	56000000	87826.93
56000000	56000000	565425.9
0	57000000	2436.054
1000000	57000000	2134.7556
2000000	57000000	2977.2793
3000000	57000000	4350.8403
4000000	57000000	5538.4546
5000000	57000000	2148.4438
6000000	57000000	777.9205
7000000	57000000	717.7882
8000000	57000000	2037.9127
9000000	57000000	2675.0312
10000000	57000000	3567.2563
11000000	57000000	5156.7573
12000000	57000000	3411.0083
13000000	57000000	1412.7266
14000000	57000000	3421.5303
15000000	57000000	2922.6855
16000000	57000000	2322.8057
17000000	57000000	2123.9597
18000000	57000000	1895.5454
19000000	57000000	2395.458
20000000	57000000	2020.925
21000000	57000000	2741.6213
22000000	57000000	2958.0847
23000000	57000000	4374.7925
24000000	57000000	3656.5354
25000000	57000000	2374.9045
26000000	57000000	1394.4296
27000000	57000000	4047.6282
28000000	57000000	4846.2266
29000000	57000000	4172.9526
30000000	57000000	6057.3994
31000000	57000000	4863.582
32000000	57000000	850.13574
33000000	57000000	1606.7561
34000000	57000000	1019.35114
35000000	57000000	552.97784
46000000	57000000	7470.356
47000000	57000000	7783.7705
48000000	57000000	7709.3936
49000000	57000000	7221.4307
50000000	57000000	13222.649
51000000	57000000	5085.558
52000000	57000000	5162.994
53000000	57000000	15875.94
54000000	57000000	7757.0654
55000000	57000000	12263.698
56000000	57000000	123650.45
57000000	57000000	669443.94
0	58000000	1467.9375
1000000	58000000	1331.3013
2000000	58000000	1317.2373
3000000	58000000	2244.166
4000000	58000000	3808.3496
5000000	58000000	3384.1267
6000000	58000000	1869.5967
7000000	58000000	1792.1534
8000000	58000000	3403.6567
9000000	58000000	3131.4062
10000000	58000000	2803.967
11000000	58000000	2668.1475
12000000	58000000	3155.3105
13000000	58000000	1903.6432
14000000	58000000	2557.051
15000000	58000000	2341.4932
16000000	58000000	1884.0359
17000000	58000000	2117.981
18000000	58000000	2373.3645
19000000	58000000	2712.6443
20000000	58000000	2227.0745
21000000	58000000	2117.022
22000000	58000000	2228.0696
23000000	58000000	3112.704
24000000	58000000	3787.8171
25000000	58000000	3209.1812
26000000	58000000	2488.9502
27000000	58000000	3834.8794
28000000	58000000	3002.4531
29000000	58000000	1807.1091
30000000	58000000	2596.985
31000000	58000000	5050.761
32000000	58000000	2200.7563
33000000	58000000	3168.8157
34000000	58000000	2496.7617
35000000	58000000	1234.5759
46000000	58000000	9397.151
47000000	58000000	9553.466
48000000	58000000	10075.339
49000000	58000000	9840.061
50000000	58000000	13797.647
51000000	58000000	9859.991
52000000	58000000	10242.521
53000000	58000000	21849.34
54000000	58000000	13072.441
55000000	58000000	18422.416
56000000	58000000	36840.895
57000000	58000000	121791.23
58000000	58000000	557417.1
0	59000000	480.86365
1000000	59000000	469.8883
2000000	59000000	328.14075
3000000	59000000	582.9341
4000000	59000000	881.4408
5000000	59000000	3712.5146
6000000	59000000	5304.37
7000000	59000000	5665.5674
8000000	59000000	3701.1006
9000000	59000000	2172.9133
10000000	59000000	1309.0002
11000000	59000000	575.39545
12000000	59000000	1387.7697
13000000	59000000	2574.3115
14000000	59000000	829.3655
15000000	59000000	701.3716
16000000	59000000	844.7193
17000000	59000000	1519.7156
18000000	59000000	1074.7316
19000000	59000000	1508.6407
20000000	59000000	1744.7518
21000000	59000000	646.654
22000000	59000000	959.9369
23000000	59000000	905.6062
24000000	59000000	1666.8835
25000000	59000000	3038.597
26000000	59000000	4102.474
27000000	59000000	1684.2495
28000000	59000000	748.3767
29000000	59000000	377.0259
30000000	59000000	465.66388
31000000	59000000	2616.3994
32000000	59000000	5761.1626
33000000	59000000	5888.049
34000000	59000000	9269.495
35000000	59000000	5033.428
46000000	59000000	5986.2324
47000000	59000000	6161.9536
48000000	59000000	6864.6235
49000000	59000000	8102.426
50000000	59000000	5634.0254
51000000	59000000	15355.51
52000000	59000000	18267.342
53000000	59000000	9475.275
54000000	59000000	18122.541
55000000	59000000	19416.146
56000000	59000000	10962.087
57000000	59000000	8791.706
58000000	59000000	76194.14
59000000	59000000	532948.1
0	60000000	436.75262
1000000	60000000	473.58813
2000000	60000000	274.98605
3000000	60000000	556.24066
4000000	60000000	754.68774
5000000	60000000	3452.1519
6000000	60000000	5557.4595
7000000	60000000	6173.2666
8000000	60000000	3370.0237
9000000	60000000	1943.774
10000000	60000000	1108.9146
11000000	60000000	541.96295
12000000	60000000	1193.3611
13000000	60000000	2339.6138
14000000	60000000	815.28076
15000000	60000000	652.9952
16000000	60000000	754.57404
17000000	60000000	1337.1764
18000000	60000000	978.276
19000000	60000000	1310.5593
20000000	60000000	1540.6118
21000000	60000000	578.60706
22000000	60000000	792.63635
23000000	60000000	791.53613
24000000	60000000	1440.1641
25000000	60000000	2650.94
26000000	60000000	3686.1907
27000000	60000000	1447.0348
28000000	60000000	633.7031
29000000	60000000	381.65735
30000000	60000000	391.77307
31000000	60000000	2331.3518
32000000	60000000	5916.8926
33000000	60000000	5997.7764
34000000	60000000	10492.587
35000000	60000000	6150.627
46000000	60000000	5667.706
47000000	60000000	5740.844
48000000	60000000	6107.476
49000000	60000000	7128.517
50000000	60000000	4936.7256
51000000	60000000	13569.755
52000000	60000000	16339.157
53000000	60000000	7805.3457
54000000	60000000	15705.69
55000000	60000000	16148.26
56000000	60000000	8181.9478
57000000	60000000	6285.7544
58000000	60000000	35818.54
59000000	60000000	155721.25
60000000	60000000	530664.9
0	61000000	458.05115
1000000	61000000	401.41666
2000000	61000000	327.35428
3000000	61000000	572.391
4000000	61000000	818.7914
5000000	61000000	3021.106
6000000	61000000	4576.0635
7000000	61000000	5061.6616
8000000	61000000	3264.8362
9000000	61000000	1929.4684
10000000	61000000	1232.4895
11000000	61000000	646.0838
12000000	61000000	1318.7517
13000000	61000000	2193.1074
14000000	61000000	846.66595
15000000	61000000	686.9925
16000000	61000000	774.1774
17000000	61000000	1370.7528
18000000	61000000	927.2149
19000000	61000000	1309.1306
20000000	61000000	1500.0713
21000000	61000000	626.2942
22000000	61000000	898.8109
23000000	61000000	928.23816
24000000	61000000	1571.2438
25000000	61000000	2588.4128
26000000	61000000	3338.7231
27000000	61000000	1517.7122
28000000	61000000	713.1325
29000000	61000000	357.5758
30000000	61000000	484.54715
31000000	61000000	2284.4568
32000000	61000000	4797.885
33000000	61000000	4984.6006
34000000	61000000	8583.032
35000000	61000000	5287.04
46000000	61000000	5386.646
47000000	61000000	6006.3716
48000000	61000000	6357.231
49000000	61000000	6978.179
50000000	61000000	5360.175
51000000	61000000	12567.288
52000000	61000000	14755.5
53000000	61000000	8304.163
54000000	61000000	13785.707
55000000	61000000	13883.839
56000000	61000000	8020.6045
57000000	61000000	5965.0376
58000000	61000000	28193.805
59000000	61000000	78294.85
60000000	61000000	133720.5
61000000	61000000	530778.8
0	62000000	457.99896
1000000	62000000	442.78705
2000000	62000000	317.3459
3000000	62000000	619.95526
4000000	62000000	899.1844
5000000	62000000	3031.7512
6000000	62000000	4312.845
7000000	62000000	4908.058
8000000	62000000	3270.6172
9000000	62000000	2107.6904
10000000	62000000	1293.9762
11000000	62000000	657.3158
12000000	62000000	1452.8892
13000000	62000000	2334.0735
14000000	62000000	855.45496
15000000	62000000	685.4946
16000000	62000000	855.79224
17000000	62000000	1424.6376
18000000	62000000	1053.4075
19000000	62000000	1424.8401
20000000	62000000	1579.0392
21000000	62000000	696.66364
22000000	62000000	885.5901
23000000	62000000	865.2062
24000000	62000000	1634.1959
25000000	62000000	2545.9517
26000000	62000000	3241.6514
27000000	62000000	1638.6266
28000000	62000000	805.6572
29000000	62000000	392.4214
30000000	62000000	523.62067
31000000	62000000	2477.3303
32000000	62000000	4603.292
33000000	62000000	5247.7056
34000000	62000000	8387.404
35000000	62000000	4210.649
46000000	62000000	5754.3525
47000000	62000000	6392.235
48000000	62000000	6762.005
49000000	62000000	7143.9126
50000000	62000000	5488.3843
51000000	62000000	12079.934
52000000	62000000	13416.149
53000000	62000000	8505.645
54000000	62000000	12427.967
55000000	62000000	12370.761
56000000	62000000	7447.667
57000000	62000000	5616.3105
58000000	62000000	25139.15
59000000	62000000	54286.23
60000000	62000000	63570.707
61000000	62000000	129280.375
62000000	62000000	520314.97
0	63000000	377.08728
1000000	63000000	400.7897
2000000	63000000	283.25815
3000000	63000000	558.1967
4000000	63000000	814.24744
5000000	63000000	3215.494
6000000	63000000	5081.807
7000000	63000000	5514.837
8000000	63000000	3374.65
9000000	63000000	1907.2239
10000000	63000000	1206.1969
11000000	63000000	551.66235
12000000	63000000	1259.5914
13000000	63000000	2361.1682
14000000	63000000	793.20197
15000000	63000000	658.31805
16000000	63000000	762.9368
17000000	63000000	1395.817
18000000	63000000	997.0364
19000000	63000000	1303.8823
20000000	63000000	1500.0072
21000000	63000000	682.82074
22000000	63000000	803.7645
23000000	63000000	865.1126
24000000	63000000	1613.7843
25000000	63000000	2650.6626
26000000	63000000	3628.6726
27000000	63000000	1525.1074
28000000	63000000	667.59344
29000000	63000000	295.19815
30000000	63000000	401.89856
31000000	63000000	2151.0027
32000000	63000000	5249.968
33000000	63000000	5417.6978
34000000	63000000	9557.701
35000000	63000000	5095.916
46000000	63000000	5475.4946
47000000	63000000	5806.2915
48000000	63000000	6216.4272
49000000	63000000	7112.6187
50000000	63000000	4774.423
51000000	63000000	12550.696
52000000	63000000	13796.561
53000000	63000000	6889.379
54000000	63000000	12475.812
55000000	63000000	11871.529
56000000	63000000	6096.7505
57000000	63000000	4035.0977
58000000	63000000	13624.185
59000000	63000000	34659.64
60000000	63000000	40014.605
61000000	63000000	55497.457
62000000	63000000	132394.03
63000000	63000000	511174.44
0	64000000	460.56665
1000000	64000000	417.70734
2000000	64000000	305.0457
3000000	64000000	556.3088
4000000	64000000	853.5628
5000000	64000000	3874.6797
6000000	64000000	5761.552
7000000	64000000	6324.545
8000000	64000000	3775.6318
9000000	64000000	2177.194
10000000	64000000	1307.6935
11000000	64000000	648.26855
12000000	64000000	1388.7749
13000000	64000000	2590.0286
14000000	64000000	795.83777
15000000	64000000	663.9241
16000000	64000000	813.8255
17000000	64000000	1483.5895
18000000	64000000	1019.29114
19000000	64000000	1438.9912
20000000	64000000	1696.9583
21000000	64000000	591.3401
22000000	64000000	969.36365
23000000	64000000	934.82275
24000000	64000000	1628.9302
25000000	64000000	2959.6985
26000000	64000000	4049.2854
27000000	64000000	1668.3131
28000000	64000000	781.34503
29000000	64000000	417.02322
30000000	64000000	441.57565
31000000	64000000	2375.1448
32000000	64000000	5787.98
33000000	64000000	6233.245
34000000	64000000	10740.365
35000000	64000000	5781.813
46000000	64000000	5531.918
47000000	64000000	5981.46
48000000	64000000	6504.953
49000000	64000000	7433.6177
50000000	64000000	4932.606
51000000	64000000	12842.905
52000000	64000000	13666.211
53000000	64000000	6532.2163
54000000	64000000	12369.985
55000000	64000000	12100.278
56000000	64000000	5857.059
57000000	64000000	3684.2415
58000000	64000000	10144.043
59000000	64000000	26179.146
60000000	64000000	28774.586
61000000	64000000	34086.73
62000000	64000000	48966.45
63000000	64000000	139806.9
64000000	64000000	552492.3
0	65000000	483.01245
1000000	65000000	654.48254
2000000	65000000	344.55637
3000000	65000000	655.8405
4000000	65000000	1076.3821
5000000	65000000	5613.52
6000000	65000000	7044.8125
7000000	65000000	7257.0786
8000000	65000000	4953.187
9000000	65000000	2882.3127
10000000	65000000	1595.8734
11000000	65000000	620.1669
12000000	65000000	1788.0032
13000000	65000000	3457.994
14000000	65000000	943.1156
15000000	65000000	855.45294
16000000	65000000	1026.32
17000000	65000000	1793.583
18000000	65000000	1330.2864
19000000	65000000	1767.2834
20000000	65000000	2265.0984
21000000	65000000	813.4016
22000000	65000000	1132.9032
23000000	65000000	1050.7943
24000000	65000000	1983.8773
25000000	65000000	4000.8667
26000000	65000000	5904.0073
27000000	65000000	2388.3093
28000000	65000000	1055.0463
29000000	65000000	421.5045
30000000	65000000	482.39807
31000000	65000000	2688.726
32000000	65000000	6567.1104
33000000	65000000	6851.8467
34000000	65000000	10609.548
35000000	65000000	5319.5576
46000000	65000000	6451.647
47000000	65000000	6482.197
48000000	65000000	8083.8237
49000000	65000000	10862.028
50000000	65000000	6458.932
51000000	65000000	16608.934
52000000	65000000	15608.709
53000000	65000000	7321.389
54000000	65000000	16091.991
55000000	65000000	16258.608
56000000	65000000	7541.0547
57000000	65000000	4149.9946
58000000	65000000	11451.645
59000000	65000000	24203.352
60000000	65000000	23725.572
61000000	65000000	26006.748
62000000	65000000	34678.18
63000000	65000000	68853.266
64000000	65000000	128207.44
65000000	65000000	506151.47
0	66000000	1824.4692
1000000	66000000	1770.8065
2000000	66000000	1751.4171
3000000	66000000	2648.1558
4000000	66000000	4795.3022
5000000	66000000	4934.464
6000000	66000000	2730.4038
7000000	66000000	2659.5366
8000000	66000000	4358.3564
9000000	66000000	4315.2417
10000000	66000000	3289.5845
11000000	66000000	2917.1128
12000000	66000000	3881.9602
13000000	66000000	2856.2217
14000000	66000000	2991.6829
15000000	66000000	2741.367
16000000	66000000	2326.1733
17000000	66000000	2821.5425
18000000	66000000	2184.1458
19000000	66000000	3231.8638
20000000	66000000	3213.508
21000000	66000000	2358.0476
22000000	66000000	2661.7393
23000000	66000000	3540.2188
24000000	66000000	4310.4507
25000000	66000000	4442.7925
26000000	66000000	4466.199
27000000	66000000	5296.157
28000000	66000000	4127.3257
29000000	66000000	2166.4417
30000000	66000000	2856.7588
31000000	66000000	5171.321
32000000	66000000	2610.2852
33000000	66000000	3853.2534
34000000	66000000	3225.8132
35000000	66000000	1482.9818
46000000	66000000	8130.938
47000000	66000000	8867.991
48000000	66000000	10708.713
49000000	66000000	13457.043
50000000	66000000	13056.857
51000000	66000000	11095.428
52000000	66000000	9007.738
53000000	66000000	11591.028
54000000	66000000	11226.735
55000000	66000000	13240.939
56000000	66000000	16625.2
57000000	66000000	15078.831
58000000	66000000	19124.998
59000000	66000000	9688.026
60000000	66000000	8405.21
61000000	66000000	9781.102
62000000	66000000	13057.48
63000000	66000000	20674.342
64000000	66000000	27197.744
65000000	66000000	93532.34
66000000	66000000	514105.22
0	67000000	4530.134
1000000	67000000	3958.192
2000000	67000000	6178.0576
3000000	67000000	6352.864
4000000	67000000	6590.4243
5000000	67000000	1412.4901
6000000	67000000	463.96848
7000000	67000000	454.75986
8000000	67000000	1209.0186
9000000	67000000	1687.1447
10000000	67000000	2316.6892
11000000	67000000	4411.666
12000000	67000000	2497.5999
13000000	67000000	1034.1655
14000000	67000000	3031.1938
15000000	67000000	3316.238
16000000	67000000	2353.1362
17000000	67000000	1697.7773
18000000	67000000	1868.1176
19000000	67000000	2050.4062
20000000	67000000	1666.1514
21000000	67000000	2702.4597
22000000	67000000	3139.492
23000000	67000000	3709.1252
24000000	67000000	2606.0894
25000000	67000000	1523.0272
26000000	67000000	796.9046
27000000	67000000	2769.2603
28000000	67000000	5441.541
29000000	67000000	6095.773
30000000	67000000	8452.154
31000000	67000000	4196.266
32000000	67000000	502.19492
33000000	67000000	783.40625
34000000	67000000	533.42523
35000000	67000000	326.20248
46000000	67000000	4333.5537
47000000	67000000	4312.281
48000000	67000000	3821.8457
49000000	67000000	3199.0159
50000000	67000000	6322.593
51000000	67000000	1813.5806
52000000	67000000	1634.6085
53000000	67000000	4707.7617
54000000	67000000	1969.9194
55000000	67000000	2205.1711
56000000	67000000	9318.682
57000000	67000000	16717.076
58000000	67000000	7883.3135
59000000	67000000	1743.2218
60000000	67000000	1780.888
61000000	67000000	2091.897
62000000	67000000	2567.756
63000000	67000000	2833.3162
64000000	67000000	3698.4287
65000000	67000000	5302.956
66000000	67000000	86914.79
67000000	67000000	715860.94
0	68000000	3135.1157
1000000	68000000	2898.796
2000000	68000000	4114.9756
3000000	68000000	5385.761
4000000	68000000	4268.8145
5000000	68000000	1174.584
6000000	68000000	569.9453
7000000	68000000	552.3203
8000000	68000000	1078.0864
9000000	68000000	1443.436
10000000	68000000	2045.723
11000000	68000000	3471.207
12000000	68000000	2575.0396
13000000	68000000	1454.8564
14000000	68000000	2681.9082
15000000	68000000	2728.942
16000000	68000000	2188.5627
17000000	68000000	1864.9884
18000000	68000000	1597.8114
19000000	68000000	2055.938
20000000	68000000	1755.9244
21000000	68000000	2459.74
22000000	68000000	3047.9187
23000000	68000000	3428.668
24000000	68000000	2516.9138
25000000	68000000	1505.5167
26000000	68000000	979.94763
27000000	68000000	2458.2036
28000000	68000000	3746.2505
29000000	68000000	4248.008
30000000	68000000	4609.744
31000000	68000000	2693.8647
32000000	68000000	642.9189
33000000	68000000	908.9059
34000000	68000000	796.9289
35000000	68000000	366.9908
46000000	68000000	3326.472
47000000	68000000	3527.64
48000000	68000000	3245.3713
49000000	68000000	2773.983
50000000	68000000	4289.8604
51000000	68000000	1750.3097
52000000	68000000	1690.2887
53000000	68000000	3632.9595
54000000	68000000	1956.5135
55000000	68000000	2175.9067
56000000	68000000	6233.9116
57000000	68000000	9774.421
58000000	68000000	5245.846
59000000	68000000	1848.2661
60000000	68000000	1800.8203
61000000	68000000	2043.6265
62000000	68000000	2341.052
63000000	68000000	2650.991
64000000	68000000	3354.2407
65000000	68000000	4412.392
66000000	68000000	18317.51
67000000	68000000	149370.2
68000000	68000000	688180.5
0	69000000	2747.8237
1000000	69000000	2335.2598
2000000	69000000	3365.9355
3000000	69000000	4446.441
4000000	69000000	3827.489
5000000	69000000	1055.2981
6000000	69000000	502.08945
7000000	69000000	442.98102
8000000	69000000	1027.1831
9000000	69000000	1425.9154
10000000	69000000	2001.3096
11000000	69000000	3511.2576
12000000	69000000	2633.7925
13000000	69000000	1290.9297
14000000	69000000	2890.094
15000000	69000000	2914.0574
16000000	69000000	2312.008
17000000	69000000	1698.5446
18000000	69000000	1539.5667
19000000	69000000	2100.4429
20000000	69000000	1813.8013
21000000	69000000	2671.5354
22000000	69000000	3091.7715
23000000	69000000	3657.0657
24000000	69000000	2673.4172
25000000	69000000	1520.0502
26000000	69000000	850.0009
27000000	69000000	2457.507
28000000	69000000	3640.173
29000000	69000000	3655.4814
30000000	69000000	4127.6387
31000000	69000000	2261.862
32000000	69000000	478.8971
33000000	69000000	746.1514
34000000	69000000	576.35095
35000000	69000000	296.92978
46000000	69000000	3413.2334
47000000	69000000	3820.1033
48000000	69000000	3263.1094
49000000	69000000	2626.453
50000000	69000000	4523.1304
51000000	69000000	1645.8252
52000000	69000000	1545.1774
53000000	69000000	4105.117
54000000	69000000	1879.9916
55000000	69000000	2031.9427
56000000	69000000	6908.6187
57000000	69000000	9689.889
58000000	69000000	5839.6924
59000000	69000000	1663.3439
60000000	69000000	1638.2798
61000000	69000000	1917.2609
62000000	69000000	2259.2925
63000000	69000000	2454.236
64000000	69000000	2891.7583
65000000	69000000	3766.5845
66000000	69000000	15276.799
67000000	69000000	40279.4
68000000	69000000	174776.6
69000000	69000000	721882.2
0	70000000	2240.5266
1000000	70000000	1946.7174
2000000	70000000	2547.2815
3000000	70000000	3118.075
4000000	70000000	3832.5574
5000000	70000000	1325.2859
6000000	70000000	516.062
7000000	70000000	511.31088
8000000	70000000	1317.3748
9000000	70000000	1649.1301
10000000	70000000	1831.2816
11000000	70000000	2831.1501
12000000	70000000	2310.007
13000000	70000000	1112.5651
14000000	70000000	2412.3848
15000000	70000000	2939.722
16000000	70000000	1883.1034
17000000	70000000	1672.0096
18000000	70000000	2005.6002
19000000	70000000	2235.4272
20000000	70000000	2051.079
21000000	70000000	2529.323
22000000	70000000	2832.3887
23000000	70000000	3356.0972
24000000	70000000	2760.277
25000000	70000000	1946.3179
26000000	70000000	1219.5759
27000000	70000000	2873.2585
28000000	70000000	3548.1099
29000000	70000000	2816.9524
30000000	70000000	3467.741
31000000	70000000	2539.2112
32000000	70000000	480.7177
33000000	70000000	843.6403
34000000	70000000	653.08234
35000000	70000000	361.9283
46000000	70000000	3649.849
47000000	70000000	3756.1135
48000000	70000000	3711.9065
49000000	70000000	3788.9766
50000000	70000000	5742.486
51000000	70000000	2266.3176
52000000	70000000	2081.6345
53000000	70000000	5349.0967
54000000	70000000	2384.2173
55000000	70000000	2840.8394
56000000	70000000	7632.9307
57000000	70000000	9419.715
58000000	70000000	8296.062
59000000	70000000	1916.5267
60000000	70000000	1899.7346
61000000	70000000	2407.224
62000000	70000000	2750.2295
63000000	70000000	2725.768
64000000	70000000	3169.9998
65000000	70000000	4388.4575
66000000	70000000	17054.21
67000000	70000000	23049.06
68000000	70000000	27862.426
69000000	70000000	91978.12
70000000	70000000	779975.25
0	71000000	1632.2754
1000000	71000000	1396.8693
2000000	71000000	1549.2095
3000000	71000000	2441.5278
4000000	71000000	3176.9114
5000000	71000000	2028.0549
6000000	71000000	1103.99
7000000	71000000	1057.7582
8000000	71000000	1926.036
9000000	71000000	2221.5745
10000000	71000000	2226.3352
11000000	71000000	2578.1091
12000000	71000000	2697.6655
13000000	71000000	1829.1411
14000000	71000000	2436.7966
15000000	71000000	2356.7673
16000000	71000000	1781.2526
17000000	71000000	2154.297
18000000	71000000	2013.2119
19000000	71000000	2662.544
20000000	71000000	2570.2373
21000000	71000000	2348.9497
22000000	71000000	2648.3682
23000000	71000000	3307.031
24000000	71000000	3421.438
25000000	71000000	2698.7532
26000000	71000000	2214.272
27000000	71000000	3460.667
28000000	71000000	2918.7935
29000000	71000000	1988.8591
30000000	71000000	2379.5928
31000000	71000000	3125.025
32000000	71000000	1136.4475
33000000	71000000	1710.4977
34000000	71000000	1308.9675
35000000	71000000	651.42773
46000000	71000000	4581.4087
47000000	71000000	5133.473
48000000	71000000	5317.081
49000000	71000000	5323.3643
50000000	71000000	6749.265
51000000	71000000	3983.779
52000000	71000000	3852.1414
53000000	71000000	6736.5986
54000000	71000000	4073.3657
55000000	71000000	4606.1616
56000000	71000000	8395.855
57000000	71000000	8317.495
58000000	71000000	9408.722
59000000	71000000	3872.9016
60000000	71000000	3497.9016
61000000	71000000	4240.8936
62000000	71000000	4650.894
63000000	71000000	4987.7886
64000000	71000000	5794.2065
65000000	71000000	7726.1074
66000000	71000000	17238.27
67000000	71000000	12863.418
68000000	71000000	15212.859
69000000	71000000	25679.016
70000000	71000000	83237.375
71000000	71000000	675381.06
0	72000000	1121.9886
1000000	72000000	954.05695
2000000	72000000	953.48047
3000000	72000000	1637.1741
4000000	72000000	2071.7275
5000000	72000000	2204.587
6000000	72000000	1433.4905
7000000	72000000	1308.6398
8000000	72000000	1997.5438
9000000	72000000	2064.2778
10000000	72000000	2057.1438
11000000	72000000	1752.4897
12000000	72000000	2424.3264
13000000	72000000	1760.3693
14000000	72000000	2066.5503
15000000	72000000	1581.1769
16000000	72000000	1478.1263
17000000	72000000	1882.195
18000000	72000000	1458.43
19000000	72000000	2145.9407
20000000	72000000	2020.6719
21000000	72000000	1651.8639
22000000	72000000	1690.6938
23000000	72000000	2220.428
24000000	72000000	2670.764
25000000	72000000	2506.5657
26000000	72000000	2266.2646
27000000	72000000	2870.524
28000000	72000000	1924.9171
29000000	72000000	1231.0259
30000000	72000000	1410.161
31000000	72000000	2939.9265
32000000	72000000	1696.824
33000000	72000000	2166.6997
34000000	72000000	1936.7612
35000000	72000000	962.5617
46000000	72000000	4668.5537
47000000	72000000	5298.912
48000000	72000000	5406.3315
49000000	72000000	5265.341
50000000	72000000	6105.9985
51000000	72000000	4728.667
52000000	72000000	4588.291
53000000	72000000	7240.709
54000000	72000000	4824.0317
55000000	72000000	5301.5063
56000000	72000000	7120.466
57000000	72000000	6162.388
58000000	72000000	8529.631
59000000	72000000	5153.727
60000000	72000000	4971.4775
61000000	72000000	5726.011
62000000	72000000	6516.5273
63000000	72000000	6801.9316
64000000	72000000	7442.9683
65000000	72000000	8890.154
66000000	72000000	14410.056
67000000	72000000	7267.3184
68000000	72000000	8456.128
69000000	72000000	11735.093
70000000	72000000	22210.268
71000000	72000000	109956.36
72000000	72000000	558040.06
0	73000000	759.7291
1000000	73000000	734.1023
2000000	73000000	600.9166
3000000	73000000	1026.8171
4000000	73000000	1381.6703
5000000	73000000	2909.129
6000000	73000000	2840.928
7000000	73000000	2655.6587
8000000	73000000	2605.7563
9000000	73000000	2297.7764
10000000	73000000	1772.2948
11000000	73000000	1152.9576
12000000	73000000	2049.832
13000000	73000000	2502.2058
14000000	73000000	1302.8616
15000000	73000000	1190.9052
16000000	73000000	1139.3273
17000000	73000000	1922.899
18000000	73000000	1514.8079
19000000	73000000	1956.7025
20000000	73000000	2293.6836
21000000	73000000	1274.5289
22000000	73000000	1546.5833
23000000	73000000	1586.8367
24000000	73000000	2221.5295
25000000	73000000	3106.9163
26000000	73000000	3789.1196
27000000	73000000	2516.4668
28000000	73000000	1385.5573
29000000	73000000	756.4433
30000000	73000000	852.3896
31000000	73000000	2400.52
32000000	73000000	2668.4795
33000000	73000000	3063.558
34000000	73000000	3887.2712
35000000	73000000	2002.1869
46000000	73000000	4107.989
47000000	73000000	4422.2188
48000000	73000000	5377.219
49000000	73000000	6463.761
50000000	73000000	5108.8325
51000000	73000000	7878.294
52000000	73000000	7548.1123
53000000	73000000	5624.098
54000000	73000000	7228.1504
55000000	73000000	7806.086
56000000	73000000	6245.274
57000000	73000000	4032.1228
58000000	73000000	6669.494
59000000	73000000	8463.266
60000000	73000000	7899.986
61000000	73000000	8314.75
62000000	73000000	9301.134
63000000	73000000	10489.245
64000000	73000000	11827.5
65000000	73000000	14841.027
66000000	73000000	13183.423
67000000	73000000	4243.559
68000000	73000000	5561.143
69000000	73000000	6626.2524
70000000	73000000	11368.722
71000000	73000000	34553.16
72000000	73000000	208357.42
73000000	73000000	560471.0
0	74000000	1193.7826
1000000	74000000	1079.3848
2000000	74000000	1187.6215
3000000	74000000	1972.297
4000000	74000000	2732.5415
5000000	74000000	2231.2244
6000000	74000000	1389.5361
7000000	74000000	1395.0885
8000000	74000000	2074.022
9000000	74000000	2123.0837
10000000	74000000	2076.179
11000000	74000000	2166.0554
12000000	74000000	2455.7744
13000000	74000000	1782.883
14000000	74000000	1989.2671
15000000	74000000	1792.3043
16000000	74000000	1505.9763
17000000	74000000	1768.2831
18000000	74000000	1510.478
19000000	74000000	2209.4639
20000000	74000000	2049.4055
21000000	74000000	1816.0511
22000000	74000000	1937.5609
23000000	74000000	2583.0212
24000000	74000000	2923.547
25000000	74000000	2562.1526
26000000	74000000	2263.0325
27000000	74000000	2751.2898
28000000	74000000	2277.3008
29000000	74000000	1578.2587
30000000	74000000	1856.3163
31000000	74000000	2836.6465
32000000	74000000	1519.1327
33000000	74000000	2224.8567
34000000	74000000	1935.5205
35000000	74000000	862.1094
46000000	74000000	5194.7617
47000000	74000000	5517.144
48000000	74000000	5726.51
49000000	74000000	5873.701
50000000	74000000	6961.0835
51000000	74000000	5336.681
52000000	74000000	5055.499
53000000	74000000	7987.837
54000000	74000000	5372.9414
55000000	74000000	5881.9653
56000000	74000000	8990.801
57000000	74000000	8558.941
58000000	74000000	10975.538
59000000	74000000	5972.8975
60000000	74000000	5346.356
61000000	74000000	6215.4565
62000000	74000000	6890.6865
63000000	74000000	6997.9663
64000000	74000000	7406.374
65000000	74000000	8833.341
66000000	74000000	14714.264
67000000	74000000	8763.156
68000000	74000000	8482.54
69000000	74000000	11784.178
70000000	74000000	18037.744
71000000	74000000	32121.842
72000000	74000000	63204.145
73000000	74000000	98698.164
74000000	74000000	561767.94
0	75000000	1285.4175
1000000	75000000	967.4301
2000000	75000000	1211.2783
3000000	75000000	2157.8657
4000000	75000000	2753.7385
5000000	75000000	1837.784
6000000	75000000	932.392
7000000	75000000	959.4035
8000000	75000000	1903.241
9000000	75000000	1986.7296
10000000	75000000	2223.963
11000000	75000000	2495.0073
12000000	75000000	2326.9604
13000000	75000000	1319.56
14000000	75000000	2146.3423
15000000	75000000	1572.9528
16000000	75000000	1301.5033
17000000	75000000	1581.2317
18000000	75000000	1262.3073
19000000	75000000	1849.5443
20000000	75000000	1623.0719
21000000	75000000	1590.2316
22000000	75000000	1672.363
23000000	75000000	2500.1592
24000000	75000000	2569.0764
25000000	75000000	2205.4849
26000000	75000000	1545.3011
27000000	75000000	2713.105
28000000	75000000	2164.414
29000000	75000000	1561.8246
30000000	75000000	2180.8687
31000000	75000000	3163.2454
32000000	75000000	1066.0916
33000000	75000000	1825.7747
34000000	75000000	1355.3115
35000000	75000000	715.63916
46000000	75000000	5614.7573
47000000	75000000	6014.477
48000000	75000000	5524.137
49000000	75000000	4729.769
50000000	75000000	7299.437
51000000	75000000	4389.7534
52000000	75000000	4430.1846
53000000	75000000	9154.49
54000000	75000000	4412.0347
55000000	75000000	4838.5347
56000000	75000000	8807.624
57000000	75000000	9389.309
58000000	75000000	10667.963
59000000	75000000	4901.147
60000000	75000000	4699.251
61000000	75000000	5477.703
62000000	75000000	5960.0146
63000000	75000000	5811.756
64000000	75000000	6184.448
65000000	75000000	6403.926
66000000	75000000	12284.235
67000000	75000000	8654.473
68000000	75000000	7461.249
69000000	75000000	9018.785
70000000	75000000	11729.65
71000000	75000000	17752.955
72000000	75000000	21923.05
73000000	75000000	19660.621
74000000	75000000	135451.45
75000000	75000000	606342.44
0	76000000	486.91998
1000000	76000000	459.76022
2000000	76000000	368.72797
3000000	76000000	652.43695
4000000	76000000	965.8278
5000000	76000000	2250.9675
6000000	76000000	2414.3396
7000000	76000000	2502.4287
8000000	76000000	2322.363
9000000	76000000	2017.995
10000000	76000000	1376.0658
11000000	76000000	827.52106
12000000	76000000	1719.5941
13000000	76000000	1916.903
14000000	76000000	1018.2554
15000000	76000000	858.2892
16000000	76000000	881.62384
17000000	76000000	1519.6824
18000000	76000000	971.83563
19000000	76000000	1552.1902
20000000	76000000	1785.1511
21000000	76000000	917.2478
22000000	76000000	1075.7012
23000000	76000000	1282.0385
24000000	76000000	1935.0576
25000000	76000000	2717.9578
26000000	76000000	3114.667
27000000	76000000	1827.6079
28000000	76000000	881.93195
29000000	76000000	525.5463
30000000	76000000	521.41516
31000000	76000000	1861.917
32000000	76000000	2373.7417
33000000	76000000	2950.3933
34000000	76000000	3932.412
35000000	76000000	1935.211
46000000	76000000	3809.1616
47000000	76000000	4600.1406
48000000	76000000	5047.29
49000000	76000000	5974.629
50000000	76000000	4418.473
51000000	76000000	8750.271
52000000	76000000	9712.606
53000000	76000000	6435.9893
54000000	76000000	8288.662
55000000	76000000	8095.402
56000000	76000000	5279.9043
57000000	76000000	3045.9602
58000000	76000000	6480.509
59000000	76000000	10809.239
60000000	76000000	10096.168
61000000	76000000	11023.364
62000000	76000000	11355.623
63000000	76000000	13242.384
64000000	76000000	13222.156
65000000	76000000	13510.971
66000000	76000000	8731.894
67000000	76000000	2410.557
68000000	76000000	2774.8154
69000000	76000000	3089.7764
70000000	76000000	4511.0044
71000000	76000000	9154.828
72000000	76000000	13798.742
73000000	76000000	23086.893
74000000	76000000	28977.748
75000000	76000000	111681.68
76000000	76000000	633429.94
0	77000000	578.32043
1000000	77000000	665.137
2000000	77000000	466.99738
3000000	77000000	740.63
4000000	77000000	1333.5669
5000000	77000000	2687.1382
6000000	77000000	2470.692
7000000	77000000	2514.8108
8000000	77000000	2703.4446
9000000	77000000	2392.685
10000000	77000000	1552.9523
11000000	77000000	976.9577
12000000	77000000	1892.7484
13000000	77000000	2017.0658
14000000	77000000	1094.4824
15000000	77000000	937.6336
16000000	77000000	940.76715
17000000	77000000	1505.5935
18000000	77000000	1051.1854
19000000	77000000	1659.9906
20000000	77000000	1883.9241
21000000	77000000	884.4463
22000000	77000000	1227.1517
23000000	77000000	1518.1931
24000000	77000000	2195.3604
25000000	77000000	3078.3174
26000000	77000000	3501.579
27000000	77000000	2320.4932
28000000	77000000	1180.8483
29000000	77000000	587.70953
30000000	77000000	629.24963
31000000	77000000	2021.3622
32000000	77000000	2356.6814
33000000	77000000	3111.4727
34000000	77000000	3552.0146
35000000	77000000	1816.0745
46000000	77000000	4544.6616
47000000	77000000	5094.0405
48000000	77000000	6257.06
49000000	77000000	8298.132
50000000	77000000	6276.4126
51000000	77000000	10306.164
52000000	77000000	9806.863
53000000	77000000	7634.4116
54000000	77000000	9733.267
55000000	77000000	10731.736
56000000	77000000	7229.3296
57000000	77000000	4111.9893
58000000	77000000	8632.441
59000000	77000000	10398.113
60000000	77000000	9712.078
61000000	77000000	10337.839
62000000	77000000	10605.088
63000000	77000000	11831.404
64000000	77000000	12372.694
65000000	77000000	14772.985
66000000	77000000	12418.389
67000000	77000000	2692.9543
68000000	77000000	2938.4
69000000	77000000	3167.3315
70000000	77000000	4835.6855
71000000	77000000	9583.021
72000000	77000000	12787.8125
73000000	77000000	19291.541
74000000	77000000	24350.932
75000000	77000000	55651.492
76000000	77000000	127077.125
77000000	77000000	526898.75
0	78000000	645.91986
1000000	78000000	635.5042
2000000	78000000	504.28214
3000000	78000000	835.3072
4000000	78000000	1418.8402
5000000	78000000	3116.7634
6000000	78000000	2811.3938
7000000	78000000	2762.9773
8000000	78000000	2883.2898
9000000	78000000	2564.4312
10000000	78000000	1746.7135
11000000	78000000	1084.5603
12000000	78000000	2067.993
13000000	78000000	2118.8486
14000000	78000000	1280.8525
15000000	78000000	988.2569
16000000	78000000	1001.40576
17000000	78000000	1608.5024
18000000	78000000	1106.0138
19000000	78000000	1779.4744
20000000	78000000	2034.462
21000000	78000000	1028.4689
22000000	78000000	1269.4797
23000000	78000000	1562.0186
24000000	78000000	2387.2197
25000000	78000000	3047.9346
26000000	78000000	3507.8323
27000000	78000000	2604.7158
28000000	78000000	1338.0385
29000000	78000000	645.8228
30000000	78000000	686.3435
31000000	78000000	2073.2605
32000000	78000000	2623.2495
33000000	78000000	3037.4954
34000000	78000000	4192.337
35000000	78000000	2032.8846
46000000	78000000	4917.6816
47000000	78000000	5337.3145
48000000	78000000	6734.108
49000000	78000000	8622.824
50000000	78000000	6802.7793
51000000	78000000	9727.676
52000000	78000000	8807.857
53000000	78000000	7559.2573
54000000	78000000	9511.442
55000000	78000000	10501.677
56000000	78000000	7882.966
57000000	78000000	4603.337
58000000	78000000	8509.958
59000000	78000000	9333.807
60000000	78000000	8578.268
61000000	78000000	9034.5
62000000	78000000	9551.459
63000000	78000000	10350.389
64000000	78000000	10938.687
65000000	78000000	13890.437
66000000	78000000	12698.651
67000000	78000000	2888.9297
68000000	78000000	3071.647
69000000	78000000	3345.6326
70000000	78000000	4797.487
71000000	78000000	8482.934
72000000	78000000	11056.939
73000000	78000000	14358.991
74000000	78000000	16277.264
75000000	78000000	20010.865
76000000	78000000	30541.65
77000000	78000000	112457.945
78000000	78000000	486401.62
0	79000000	579.2087
1000000	79000000	637.8479
2000000	79000000	442.71793
3000000	79000000	767.2644
4000000	79000000	1256.5607
5000000	79000000	3455.7966
6000000	79000000	3609.184
7000000	79000000	3593.4355
8000000	79000000	3165.6338
9000000	79000000	2431.1318
10000000	79000000	1601.6213
11000000	79000000	906.485
12000000	79000000	1796.972
13000000	79000000	2366.9668
14000000	79000000	974.3441
15000000	79000000	892.67706
16000000	79000000	828.6024
17000000	79000000	1637.1389
18000000	79000000	1237.923
19000000	79000000	1582.8652
20000000	79000000	2058.885
21000000	79000000	934.4285
22000000	79000000	1203.5615
23000000	79000000	1303.9254
24000000	79000000	1912.638
25000000	79000000	3182.2695
26000000	79000000	4049.6736
27000000	79000000	2306.9097
28000000	79000000	1219.0815
29000000	79000000	583.9681
30000000	79000000	570.5187
31000000	79000000	1933.2372
32000000	79000000	3032.571
33000000	79000000	3626.5283
34000000	79000000	5161.5713
35000000	79000000	2659.8008
46000000	79000000	4470.784
47000000	79000000	4408.625
48000000	79000000	6009.5205
49000000	79000000	8519.263
50000000	79000000	5500.488
51000000	79000000	10231.539
52000000	79000000	8971.322
53000000	79000000	5572.277
54000000	79000000	9843.022
55000000	79000000	10625.053
56000000	79000000	6451.1196
57000000	79000000	3614.9233
58000000	79000000	6464.0874
59000000	79000000	9252.075
60000000	79000000	8954.817
61000000	79000000	8647.385
62000000	79000000	8889.58
63000000	79000000	9868.261
64000000	79000000	10843.503
65000000	79000000	14539.077
66000000	79000000	10772.316
67000000	79000000	2307.089
68000000	79000000	2626.0923
69000000	79000000	2596.499
70000000	79000000	3731.0366
71000000	79000000	6472.6245
72000000	79000000	7727.913
73000000	79000000	12556.078
74000000	79000000	11093.502
75000000	79000000	11529.717
76000000	79000000	20812.986
77000000	79000000	41541.867
78000000	79000000	164116.38
79000000	79000000	505226.97
0	80000000	749.4347
1000000	80000000	772.1706
2000000	80000000	603.818
3000000	80000000	997.88776
4000000	80000000	1525.6571
5000000	80000000	3273.74
6000000	80000000	2991.1106
7000000	80000000	3015.005
8000000	80000000	2928.819
9000000	80000000	2417.7498
10000000	80000000	1835.6632
11000000	80000000	1193.691
12000000	80000000	2007.9945
13000000	80000000	2169.5662
14000000	80000000	1376.9794
15000000	80000000	1013.9044
16000000	80000000	1076.9489
17000000	80000000	1692.902
18000000	80000000	1255.9863
19000000	80000000	1895.3584
20000000	80000000	1981.2019
21000000	80000000	1085.4572
22000000	80000000	1320.0938
23000000	80000000	1558.3912
24000000	80000000	2142.402
25000000	80000000	3047.7708
26000000	80000000	3753.6724
27000000	80000000	2580.75
28000000	80000000	1398.7219
29000000	80000000	825.6783
30000000	80000000	860.4174
31000000	80000000	2402.2886
32000000	80000000	2773.8975
33000000	80000000	3397.3652
34000000	80000000	4448.701
35000000	80000000	2235.5564
46000000	80000000	4871.1294
47000000	80000000	5058.4136
48000000	80000000	6140.182
49000000	80000000	8020.386
50000000	80000000	6288.99
51000000	80000000	9094.184
52000000	80000000	8186.0854
53000000	80000000	6534.3027
54000000	80000000	8367.7705
55000000	80000000	9255.688
56000000	80000000	7009.64
57000000	80000000	4565.7686
58000000	80000000	7213.7515
59000000	80000000	7951.417
60000000	80000000	7667.803
61000000	80000000	7505.9966
62000000	80000000	7849.407
63000000	80000000	8326.844
64000000	80000000	9025.97
65000000	80000000	11748.508
66000000	80000000	10799.448
67000000	80000000	3005.4983
68000000	80000000	3153.7373
69000000	80000000	3219.3318
70000000	80000000	4269.26
71000000	80000000	7295.6436
72000000	80000000	8781.018
73000000	80000000	11426.075
74000000	80000000	11430.492
75000000	80000000	13026.3125
76000000	80000000	18355.035
77000000	80000000	33118.164
78000000	80000000	77284.016
79000000	80000000	160830.69
80000000	80000000	542589.1
0	81000000	1485.094
1000000	81000000	1307.2845
2000000	81000000	1490.508
3000000	81000000	2254.1597
4000000	81000000	3316.729
5000000	81000000	2281.7092
6000000	81000000	1055.6514
7000000	81000000	959.219
8000000	81000000	2100.9443
9000000	81000000	2420.148
10000000	81000000	2584.5667
11000000	81000000	2732.2588
12000000	81000000	2451.5562
13000000	81000000	1474.5408
14000000	81000000	2448.0364
15000000	81000000	2026.3398
16000000	81000000	1633.768
17000000	81000000	1961.3263
18000000	81000000	1610.5205
19000000	81000000	2442.8235
20000000	81000000	2243.403
21000000	81000000	2074.5288
22000000	81000000	2120.9746
23000000	81000000	2886.5159
24000000	81000000	2849.138
25000000	81000000	2624.8062
26000000	81000000	1969.4873
27000000	81000000	3600.0623
28000000	81000000	2908.5571
29000000	81000000	1898.7723
30000000	81000000	2322.1467
31000000	81000000	3100.226
32000000	81000000	1037.4138
33000000	81000000	1795.0531
34000000	81000000	1261.5417
35000000	81000000	557.91815
46000000	81000000	5606.9956
47000000	81000000	5516.7173
48000000	81000000	6178.8413
49000000	81000000	7224.066
50000000	81000000	9664.427
51000000	81000000	4717.133
52000000	81000000	3936.2087
53000000	81000000	8812.147
54000000	81000000	4756.701
55000000	81000000	6005.9243
56000000	81000000	11972.443
57000000	81000000	11464.746
58000000	81000000	11569.157
59000000	81000000	3679.259
60000000	81000000	3376.126
61000000	81000000	4142.787
62000000	81000000	4665.605
63000000	81000000	4171.461
64000000	81000000	4445.8213
65000000	81000000	5331.2485
66000000	81000000	13510.907
67000000	81000000	7976.061
68000000	81000000	6527.8022
69000000	81000000	7341.751
70000000	81000000	8948.397
71000000	81000000	11273.759
72000000	81000000	9489.388
73000000	81000000	7625.6475
74000000	81000000	14445.752
75000000	81000000	17500.09
76000000	81000000	10283.12
77000000	81000000	17898.518
78000000	81000000	27274.807
79000000	81000000	28420.15
80000000	81000000	76149.66
81000000	81000000	655430.94
0	82000000	863.5899
1000000	82000000	962.1413
2000000	82000000	668.7592
3000000	82000000	1052.428
4000000	82000000	1830.3143
5000000	82000000	3818.8384
6000000	82000000	3027.2227
7000000	82000000	2938.7761
8000000	82000000	3235.1914
9000000	82000000	3023.8337
10000000	82000000	2022.7444
11000000	82000000	1228.456
12000000	82000000	2333.512
13000000	82000000	2924.543
14000000	82000000	1454.7532
15000000	82000000	1447.6743
16000000	82000000	1321.7863
17000000	82000000	2415.7231
18000000	82000000	1773.9725
19000000	82000000	2547.7593
20000000	82000000	3027.6362
21000000	82000000	1452.2969
22000000	82000000	1827.24
23000000	82000000	1927.1129
24000000	82000000	2726.2356
25000000	82000000	4081.059
26000000	82000000	5036.265
27000000	82000000	3534.6877
28000000	82000000	1825.2852
29000000	82000000	804.09503
30000000	82000000	764.4157
31000000	82000000	2343.5269
32000000	82000000	2518.5803
33000000	82000000	3290.5938
34000000	82000000	3615.4307
35000000	82000000	1907.4329
46000000	82000000	4512.9854
47000000	82000000	4827.3584
48000000	82000000	6828.9434
49000000	82000000	10608.524
50000000	82000000	7193.2075
51000000	82000000	10176.103
52000000	82000000	8659.202
53000000	82000000	6649.8584
54000000	82000000	9550.46
55000000	82000000	11207.043
56000000	82000000	8433.556
57000000	82000000	4313.257
58000000	82000000	7317.8135
59000000	82000000	7376.642
60000000	82000000	6788.393
61000000	82000000	6813.7026
62000000	82000000	7108.1323
63000000	82000000	7585.7046
64000000	82000000	8161.883
65000000	82000000	11624.294
66000000	82000000	12214.6045
67000000	82000000	2747.0435
68000000	82000000	3173.9377
69000000	82000000	3054.923
70000000	82000000	4439.0522
71000000	82000000	7880.465
72000000	82000000	8042.034
73000000	82000000	11078.073
74000000	82000000	10167.282
75000000	82000000	8990.16
76000000	82000000	14052.782
77000000	82000000	20918.834
78000000	82000000	26895.922
79000000	82000000	31512.73
80000000	82000000	41777.36
81000000	82000000	88480.52
82000000	82000000	535928.56
0	83000000	1129.7844
1000000	83000000	1308.2312
2000000	83000000	793.7214
3000000	83000000	1242.6758
4000000	83000000	2095.7502
5000000	83000000	4789.6006
6000000	83000000	3979.3027
7000000	83000000	3915.8816
8000000	83000000	3997.0076
9000000	83000000	3329.9329
10000000	83000000	2059.7268
11000000	83000000	1094.2379
12000000	83000000	2577.8445
13000000	83000000	3454.1084
14000000	83000000	1452.4886
15000000	83000000	1564.7673
16000000	83000000	1604.9379
17000000	83000000	2608.7568
18000000	83000000	2032.8651
19000000	83000000	2883.9153
20000000	83000000	3631.2322
21000000	83000000	1501.1705
22000000	83000000	2106.68
23000000	83000000	1989.9563
24000000	83000000	2988.9375
25000000	83000000	4859.5996
26000000	83000000	6254.4727
27000000	83000000	4005.2808
28000000	83000000	2082.164
29000000	83000000	838.2242
30000000	83000000	768.535
31000000	83000000	2495.6514
32000000	83000000	2937.7861
33000000	83000000	3513.244
34000000	83000000	4654.7173
35000000	83000000	2227.349
46000000	83000000	4699.152
47000000	83000000	4790.247
48000000	83000000	6945.743
49000000	83000000	10797.934
50000000	83000000	6726.447
51000000	83000000	11231.205
52000000	83000000	9465.456
53000000	83000000	5843.72
54000000	83000000	10503.957
55000000	83000000	11973.293
56000000	83000000	7610.5537
57000000	83000000	3717.1436
58000000	83000000	6504.99
59000000	83000000	7977.7056
60000000	83000000	7358.13
61000000	83000000	7302.5044
62000000	83000000	7191.24
63000000	83000000	8037.382
64000000	83000000	8993.58
65000000	83000000	13010.062
66000000	83000000	11573.178
67000000	83000000	2696.459
68000000	83000000	2992.8638
69000000	83000000	2905.1335
70000000	83000000	4387.788
71000000	83000000	7204.6104
72000000	83000000	7307.021
73000000	83000000	11403.347
74000000	83000000	8925.942
75000000	83000000	7392.273
76000000	83000000	13109.094
77000000	83000000	18536.07
78000000	83000000	22190.375
79000000	83000000	26915.787
80000000	83000000	28698.729
81000000	83000000	30108.553
82000000	83000000	160137.9
83000000	83000000	509370.97
0	84000000	2479.2405
1000000	84000000	2533.3147
2000000	84000000	2233.1443
3000000	84000000	3143.6133
4000000	84000000	4302.9175
5000000	84000000	2888.8516
6000000	84000000	1366.0664
7000000	84000000	1278.2505
8000000	84000000	2335.128
9000000	84000000	2792.4492
10000000	84000000	2573.565
11000000	84000000	2730.4136
12000000	84000000	2925.0295
13000000	84000000	2138.8591
14000000	84000000	2665.7917
15000000	84000000	2789.473
16000000	84000000	2205.3933
17000000	84000000	2538.7893
18000000	84000000	2141.5938
19000000	84000000	3104.627
20000000	84000000	3143.7488
21000000	84000000	2598.4148
22000000	84000000	3038.5737
23000000	84000000	3625.6304
24000000	84000000	3738.27
25000000	84000000	3269.3254
26000000	84000000	2866.2244
27000000	84000000	4678.459
28000000	84000000	4032.6167
29000000	84000000	2264.8567
30000000	84000000	2475.5554
31000000	84000000	3217.7888
32000000	84000000	1256.9316
33000000	84000000	1770.1871
34000000	84000000	1428.3696
35000000	84000000	655.36
46000000	84000000	4528.5205
47000000	84000000	4631.6313
48000000	84000000	5530.432
49000000	84000000	7027.6777
50000000	84000000	7826.2393
51000000	84000000	4475.9585
52000000	84000000	3683.9858
53000000	84000000	5971.8306
54000000	84000000	4268.1133
55000000	84000000	5154.3413
56000000	84000000	8873.262
57000000	84000000	8355.777
58000000	84000000	7495.5376
59000000	84000000	2906.8975
60000000	84000000	2536.898
61000000	84000000	2797.4062
62000000	84000000	3076.3557
63000000	84000000	3009.4094
64000000	84000000	3132.6907
65000000	84000000	4312.7793
66000000	84000000	10600.922
67000000	84000000	7420.904
68000000	84000000	6199.4175
69000000	84000000	6528.889
70000000	84000000	8173.4062
71000000	84000000	8972.011
72000000	84000000	6954.7
73000000	84000000	6225.2437
74000000	84000000	8778.665
75000000	84000000	8819.9795
76000000	84000000	5783.737
77000000	84000000	8472.924
78000000	84000000	10130.12
79000000	84000000	9743.249
80000000	84000000	11856.979
81000000	84000000	25357.87
82000000	84000000	30741.996
83000000	84000000	100195.53
84000000	84000000	626939.8
0	85000000	3250.1772
1000000	85000000	3277.287
2000000	85000000	3240.0552
3000000	85000000	3666.0317
4000000	85000000	4264.665
5000000	85000000	1818.6267
6000000	85000000	749.0171
7000000	85000000	717.84265
8000000	85000000	1585.3794
9000000	85000000	2135.681
10000000	85000000	2413.569
11000000	85000000	3219.737
12000000	85000000	2922.5974
13000000	85000000	1695.406
14000000	85000000	2809.0642
15000000	85000000	2890.525
16000000	85000000	2271.0444
17000000	85000000	2447.334
18000000	85000000	1925.4822
19000000	85000000	2776.1592
20000000	85000000	2578.4739
21000000	85000000	2797.8809
22000000	85000000	2936.1104
23000000	85000000	3701.7927
24000000	85000000	3184.2275
25000000	85000000	2392.4236
26000000	85000000	1802.0975
27000000	85000000	4039.6497
28000000	85000000	4134.5415
29000000	85000000	3129.6738
30000000	85000000	2873.1924
31000000	85000000	2762.9058
32000000	85000000	644.6339
33000000	85000000	1110.4247
34000000	85000000	724.7753
35000000	85000000	337.56885
46000000	85000000	3634.063
47000000	85000000	3561.1653
48000000	85000000	4132.624
49000000	85000000	4632.6387
50000000	85000000	5924.0234
51000000	85000000	2542.9177
52000000	85000000	2124.6714
53000000	85000000	4516.3457
54000000	85000000	2434.592
55000000	85000000	3183.3127
56000000	85000000	7407.61
57000000	85000000	8366.335
58000000	85000000	5592.7417
59000000	85000000	1568.1605
60000000	85000000	1432.4579
61000000	85000000	1676.8799
62000000	85000000	1832.1942
63000000	85000000	1723.2096
64000000	85000000	1894.5662
65000000	85000000	2395.2407
66000000	85000000	7976.212
67000000	85000000	8429.46
68000000	85000000	7001.161
69000000	85000000	7078.759
70000000	85000000	7585.9966
71000000	85000000	7181.0996
72000000	85000000	5111.5073
73000000	85000000	4137.567
74000000	85000000	6729.894
75000000	85000000	6933.2217
76000000	85000000	3760.7385
77000000	85000000	5181.622
78000000	85000000	6037.282
79000000	85000000	5608.228
80000000	85000000	7002.957
81000000	85000000	16442.643
82000000	85000000	14074.181
83000000	85000000	22671.219
84000000	85000000	118859.51
85000000	85000000	645227.44
0	86000000	2452.9556
1000000	86000000	3180.5195
2000000	86000000	1758.3328
3000000	86000000	2029.2913
4000000	86000000	2749.3733
5000000	86000000	3219.9385
6000000	86000000	2269.51
7000000	86000000	2086.7373
8000000	86000000	2527.548
9000000	86000000	2818.9807
10000000	86000000	1985.4335
11000000	86000000	1525.7192
12000000	86000000	2793.5637
13000000	86000000	3165.1714
14000000	86000000	1794.0114
15000000	86000000	2314.365
16000000	86000000	2082.3157
17000000	86000000	3043.2568
18000000	86000000	2246.675
19000000	86000000	3287.7188
20000000	86000000	4082.9155
21000000	86000000	2058.4146
22000000	86000000	2998.28
23000000	86000000	2732.043
24000000	86000000	3179.7664
25000000	86000000	3873.0903
26000000	86000000	4878.067
27000000	86000000	4481.1226
28000000	86000000	3016.8477
29000000	86000000	1491.619
30000000	86000000	1159.0194
31000000	86000000	2251.5393
32000000	86000000	1744.755
33000000	86000000	2013.1213
34000000	86000000	2204.5237
35000000	86000000	1172.6398
46000000	86000000	3125.9475
47000000	86000000	3239.6304
48000000	86000000	4698.222
49000000	86000000	7336.28
50000000	86000000	4920.9873
51000000	86000000	5757.6147
52000000	86000000	4504.939
53000000	86000000	3494.293
54000000	86000000	5166.9414
55000000	86000000	6099.072
56000000	86000000	5590.1255
57000000	86000000	3724.7385
58000000	86000000	3972.2598
59000000	86000000	3144.959
60000000	86000000	2904.3508
61000000	86000000	2943.6387
62000000	86000000	2951.3623
63000000	86000000	3094.4397
64000000	86000000	3453.3298
65000000	86000000	5215.244
66000000	86000000	7429.7646
67000000	86000000	3327.2017
68000000	86000000	3816.526
69000000	86000000	3447.9653
70000000	86000000	4460.4287
71000000	86000000	5687.2637
72000000	86000000	4614.9683
73000000	86000000	6213.961
74000000	86000000	5496.381
75000000	86000000	4441.68
76000000	86000000	5477.6157
77000000	86000000	7637.629
78000000	86000000	8330.757
79000000	86000000	9412.652
80000000	86000000	9513.2295
81000000	86000000	10656.456
82000000	86000000	20679.807
83000000	86000000	31369.594
84000000	86000000	40451.645
85000000	86000000	149275.3
86000000	86000000	574799.7
0	87000000	4539.9214
1000000	87000000	5045.4946
2000000	87000000	3403.5574
3000000	87000000	3553.666
4000000	87000000	4100.717
5000000	87000000	3060.0347
6000000	87000000	1599.0128
7000000	87000000	1543.2623
8000000	87000000	2298.564
9000000	87000000	2475.7773
10000000	87000000	2109.7695
11000000	87000000	2198.885
12000000	87000000	2715.1648
13000000	87000000	2523.1477
14000000	87000000	2346.19
15000000	87000000	3076.6843
16000000	87000000	2501.5383
17000000	87000000	3039.1409
18000000	87000000	2473.9724
19000000	87000000	3414.0679
20000000	87000000	3548.4636
21000000	87000000	2788.8423
22000000	87000000	3250.05
23000000	87000000	3242.8423
24000000	87000000	3172.4985
25000000	87000000	3263.9958
26000000	87000000	3511.6514
27000000	87000000	4538.5557
28000000	87000000	4183.726
29000000	87000000	2559.013
30000000	87000000	2357.2283
31000000	87000000	3095.357
32000000	87000000	1418.3486
33000000	87000000	1824.9475
34000000	87000000	1637.5902
35000000	87000000	863.95844
46000000	87000000	3231.0955
47000000	87000000	3423.3083
48000000	87000000	4169.0806
49000000	87000000	5599.5093
50000000	87000000	5155.4736
51000000	87000000	3927.3057
52000000	87000000	3163.5098
53000000	87000000	3700.1382
54000000	87000000	3608.96
55000000	87000000	4376.494
56000000	87000000	5627.6494
57000000	87000000	4946.3037
58000000	87000000	4532.0244
59000000	87000000	2328.8767
60000000	87000000	2143.7146
61000000	87000000	2182.1162
62000000	87000000	2294.5703
63000000	87000000	2272.402
64000000	87000000	2501.9897
65000000	87000000	3634.3396
66000000	87000000	7167.4756
67000000	87000000	5585.4604
68000000	87000000	5164.939
69000000	87000000	4939.9404
70000000	87000000	6186.0303
71000000	87000000	6227.649
72000000	87000000	4564.5796
73000000	87000000	4857.071
74000000	87000000	5637.4175
75000000	87000000	4999.2793
76000000	87000000	4198.9478
77000000	87000000	5688.5264
78000000	87000000	6274.0645
79000000	87000000	6584.886
80000000	87000000	7065.561
81000000	87000000	10681.1045
82000000	87000000	14090.001
83000000	87000000	19470.904
84000000	87000000	28506.273
85000000	87000000	50224.016
86000000	87000000	173455.73
87000000	87000000	595299.56
0	88000000	9109.36
1000000	88000000	8933.512
2000000	88000000	7096.708
3000000	88000000	4984.9697
4000000	88000000	4484.403
5000000	88000000	1842.297
6000000	88000000	911.18225
7000000	88000000	777.2553
8000000	88000000	1328.087
9000000	88000000	1511.5833
10000000	88000000	1518.9888
11000000	88000000	2068.6035
12000000	88000000	1881.4264
13000000	88000000	1441.7083
14000000	88000000	2095.1072
15000000	88000000	2946.6611
16000000	88000000	2135.4753
17000000	88000000	2115.5747
18000000	88000000	1994.5237
19000000	88000000	2350.3489
20000000	88000000	2140.3308
21000000	88000000	2155.8066
22000000	88000000	2591.8813
23000000	88000000	2489.1978
24000000	88000000	1984.3533
25000000	88000000	1793.7424
26000000	88000000	1691.6887
27000000	88000000	2998.6045
28000000	88000000	4151.502
29000000	88000000	4287.4424
30000000	88000000	3829.9255
31000000	88000000	3027.1257
32000000	88000000	839.7008
33000000	88000000	1143.2025
34000000	88000000	908.34235
35000000	88000000	417.47034
46000000	88000000	2485.657
47000000	88000000	2377.4165
48000000	88000000	2599.0444
49000000	88000000	2934.889
50000000	88000000	3553.2722
51000000	88000000	1862.374
52000000	88000000	1651.0542
53000000	88000000	2432.4026
54000000	88000000	1789.85
55000000	88000000	2001.5892
56000000	88000000	4067.3594
57000000	88000000	5306.7036
58000000	88000000	3340.8875
59000000	88000000	1250.3209
60000000	88000000	1107.5531
61000000	88000000	1261.6718
62000000	88000000	1303.7738
63000000	88000000	1277.0027
64000000	88000000	1368.4218
65000000	88000000	1855.987
66000000	88000000	4621.952
67000000	88000000	7654.7183
68000000	88000000	5912.304
69000000	88000000	5255.9126
70000000	88000000	5313.859
71000000	88000000	4509.419
72000000	88000000	3163.2
73000000	88000000	2806.9883
74000000	88000000	3717.7246
75000000	88000000	3830.9722
76000000	88000000	2482.2976
77000000	88000000	3098.6367
78000000	88000000	3351.7363
79000000	88000000	3452.6174
80000000	88000000	3959.093
81000000	88000000	6992.7705
82000000	88000000	6357.097
83000000	88000000	8464.64
84000000	88000000	15023.416
85000000	88000000	25228.527
86000000	88000000	34349.656
87000000	88000000	125715.14
88000000	88000000	665641.3
0	89000000	14459.848
1000000	89000000	9227.501
2000000	89000000	9251.644
3000000	89000000	5924.781
4000000	89000000	4476.6416
5000000	89000000	1002.5454
6000000	89000000	347.01706
7000000	89000000	326.3968
8000000	89000000	820.8138
9000000	89000000	1010.5599
10000000	89000000	1411.7247
11000000	89000000	2348.093
12000000	89000000	1416.9543
13000000	89000000	882.13635
14000000	89000000	2049.4902
15000000	89000000	2509.271
16000000	89000000	1826.6205
17000000	89000000	1555.8177
18000000	89000000	1611.6698
19000000	89000000	1740.0258
20000000	89000000	1292.2781
21000000	89000000	1975.6674
22000000	89000000	2118.1829
23000000	89000000	2174.0125
24000000	89000000	1426.5756
25000000	89000000	1029.0145
26000000	89000000	628.56866
27000000	89000000	1791.9888
28000000	89000000	3772.589
29000000	89000000	4408.767
30000000	89000000	5121.379
31000000	89000000	2614.7551
32000000	89000000	405.51434
33000000	89000000	507.33386
34000000	89000000	408.35385
35000000	89000000	172.23972
46000000	89000000	2216.8416
47000000	89000000	1996.9773
48000000	89000000	1827.7794
49000000	89000000	1475.9231
50000000	89000000	2809.0908
51000000	89000000	854.0549
52000000	89000000	777.11304
53000000	89000000	1977.0651
54000000	89000000	815.98694
55000000	89000000	1001.3482
56000000	89000000	3502.3384
57000000	89000000	5622.725
58000000	89000000	2764.6785
59000000	89000000	648.99976
60000000	89000000	705.86346
61000000	89000000	803.0172
62000000	89000000	833.00226
63000000	89000000	789.69214
64000000	89000000	877.8539
65000000	89000000	948.0618
66000000	89000000	3427.0283
67000000	89000000	9150.522
68000000	89000000	6462.569
69000000	89000000	6043.3105
70000000	89000000	4913.8154
71000000	89000000	3736.2615
72000000	89000000	2507.8164
73000000	89000000	1947.6251
74000000	89000000	3378.1113
75000000	89000000	3758.5654
76000000	89000000	1651.3978
77000000	89000000	1943.544
78000000	89000000	2144.0913
79000000	89000000	2023.6719
80000000	89000000	2531.7463
81000000	89000000	5330.1978
82000000	89000000	3032.2473
83000000	89000000	3631.6833
84000000	89000000	8661.604
85000000	89000000	14360.368
86000000	89000000	10219.4375
87000000	89000000	26766.322
88000000	89000000	192551.58
89000000	89000000	717404.1
0	90000000	18371.596
1000000	90000000	8318.417
2000000	90000000	5177.4536
3000000	90000000	3825.6042
4000000	90000000	3165.631
5000000	90000000	1100.0648
6000000	90000000	553.9423
7000000	90000000	502.14737
8000000	90000000	880.28424
9000000	90000000	1038.2478
10000000	90000000	1054.7257
11000000	90000000	1394.2986
12000000	90000000	1136.5833
13000000	90000000	845.12537
14000000	90000000	1387.8835
15000000	90000000	1900.057
16000000	90000000	1316.512
17000000	90000000	1320.9624
18000000	90000000	1279.6371
19000000	90000000	1476.3745
20000000	90000000	1198.5533
21000000	90000000	1513.1373
22000000	90000000	1725.9857
23000000	90000000	1548.1599
24000000	90000000	1082.3215
25000000	90000000	1016.264
26000000	90000000	741.00885
27000000	90000000	1661.1178
28000000	90000000	2334.578
29000000	90000000	2223.1204
30000000	90000000	2404.8284
31000000	90000000	1998.0212
32000000	90000000	442.32675
33000000	90000000	657.0021
34000000	90000000	655.05695
35000000	90000000	218.49995
46000000	90000000	1947.0784
47000000	90000000	1867.9468
48000000	90000000	1947.1533
49000000	90000000	1646.8638
50000000	90000000	2359.2844
51000000	90000000	1036.9716
52000000	90000000	1055.0115
53000000	90000000	1823.4486
54000000	90000000	1086.5262
55000000	90000000	1237.9404
56000000	90000000	2441.8242
57000000	90000000	3028.3606
58000000	90000000	2268.797
59000000	90000000	847.5836
60000000	90000000	677.396
61000000	90000000	740.4298
62000000	90000000	878.4696
63000000	90000000	800.2013
64000000	90000000	847.41534
65000000	90000000	1095.6757
66000000	90000000	3054.1582
67000000	90000000	4382.989
68000000	90000000	3832.0432
69000000	90000000	3335.8916
70000000	90000000	3106.1262
71000000	90000000	2790.5662
72000000	90000000	2125.994
73000000	90000000	1800.958
74000000	90000000	2717.0823
75000000	90000000	2774.915
76000000	90000000	1702.4445
77000000	90000000	1935.4163
78000000	90000000	2208.0251
79000000	90000000	2061.1685
80000000	90000000	2429.3274
81000000	90000000	4185.0283
82000000	90000000	3079.0583
83000000	90000000	3746.903
84000000	90000000	6636.1562
85000000	90000000	8936.8
86000000	90000000	8284.684
87000000	90000000	15412.251
88000000	90000000	33596.69
89000000	90000000	155984.77
90000000	90000000	933638.25
