0	0	618664.3
0	1000000	103675.41
1000000	1000000	554518.2
0	2000000	56480.85
1000000	2000000	102287.14
2000000	2000000	530861.75
0	3000000	20503.557
1000000	3000000	20501.428
2000000	3000000	127726.4
3000000	3000000	546763.06
0	4000000	11386.22
1000000	4000000	14630.711
2000000	4000000	24730.506
3000000	4000000	107020.11
4000000	4000000	640693.6
0	5000000	16539.014
1000000	5000000	24221.086
2000000	5000000	24648.055
3000000	5000000	54256.793
4000000	5000000	103312.18
5000000	5000000	444111.38
0	6000000	15576.411
1000000	6000000	21788.635
2000000	6000000	19299.64
3000000	6000000	25753.35
4000000	6000000	27338.701
5000000	6000000	160658.0
6000000	6000000	471270.2
0	7000000	13262.658
1000000	7000000	23208.328
2000000	7000000	12875.722
3000000	7000000	13336.451
4000000	7000000	16752.709
5000000	7000000	43704.363
6000000	7000000	92132.914
7000000	7000000	495629.66
0	8000000	12934.117
1000000	8000000	13369.629
2000000	8000000	12414.56
3000000	8000000	14066.224
4000000	8000000	12252.7295
5000000	8000000	28618.05
6000000	8000000	45296.22
7000000	8000000	136761.77
8000000	8000000	462193.53
0	9000000	10202.791
1000000	9000000	5797.0713
2000000	9000000	11640.666
3000000	9000000	12648.215
4000000	9000000	10342.103
5000000	9000000	12772.805
6000000	9000000	17760.72
7000000	9000000	24520.848
8000000	9000000	126889.625
9000000	9000000	570496.1
0	10000000	8572.006
1000000	10000000	6906.7935
2000000	10000000	8213.009
3000000	10000000	8888.046
4000000	10000000	7678.012
5000000	10000000	11450.585
6000000	10000000	13829.866
7000000	10000000	18872.059
8000000	10000000	36337.637
9000000	10000000	104273.95
10000000	10000000	528577.75
0	11000000	8735.511
1000000	11000000	7614.7515
2000000	11000000	8370.569
3000000	11000000	9187.739
4000000	11000000	7414.4297
5000000	11000000	11732.41
6000000	11000000	13648.247
7000000	11000000	16557.512
8000000	11000000	26084.232
9000000	11000000	45965.41
10000000	11000000	187965.48
11000000	11000000	499283.56
0	12000000	10096.533
1000000	12000000	6122.9116
2000000	12000000	9950.464
3000000	12000000	9513.27
4000000	12000000	6006.7134
5000000	12000000	8818.711
6000000	12000000	9961.298
7000000	12000000	10600.719
8000000	12000000	16817.123
9000000	12000000	27596.38
10000000	12000000	33685.76
11000000	12000000	102699.484
12000000	12000000	589557.56
0	13000000	11870.477
1000000	13000000	7558.0947
2000000	13000000	10159.456
3000000	13000000	8806.968
4000000	13000000	6618.9614
5000000	13000000	9774.542
6000000	13000000	11383.399
7000000	13000000	12060.775
8000000	13000000	16154.304
9000000	13000000	17755.998
10000000	13000000	17657.637
11000000	13000000	26019.87
12000000	13000000	111586.734
13000000	13000000	527107.44
0	14000000	9537.905
1000000	14000000	12926.273
2000000	14000000	6648.918
3000000	14000000	5469.561
4000000	14000000	6568.331
5000000	14000000	10050.507
6000000	14000000	11655.497
7000000	14000000	17665.574
8000000	14000000	12180.861
9000000	14000000	7540.067
10000000	14000000	9446.704
11000000	14000000	12169.253
12000000	14000000	19050.344
13000000	14000000	120534.54
14000000	14000000	540972.94
0	15000000	4729.2534
1000000	15000000	9939.593
2000000	15000000	3433.3557
3000000	15000000	2405.6292
4000000	15000000	5080.142
5000000	15000000	6303.9385
6000000	15000000	6971.8784
7000000	15000000	13340.078
8000000	15000000	6089.9565
9000000	15000000	3039.156
10000000	15000000	4008.1675
11000000	15000000	5100.8555
12000000	15000000	6023.28
13000000	15000000	19876.072
14000000	15000000	148769.14
15000000	15000000	780158.25
0	18000000	8184.1514
1000000	18000000	6581.015
2000000	18000000	5806.7617
3000000	18000000	4465.863
4000000	18000000	4057.591
5000000	18000000	6059.688
6000000	18000000	6950.653
7000000	18000000	7460.471
8000000	18000000	7115.7534
9000000	18000000	5606.423
10000000	18000000	5318.602
11000000	18000000	6077.872
12000000	18000000	8273.91
13000000	18000000	15656.49
14000000	18000000	16259.962
15000000	18000000	10480.639
18000000	18000000	596226.8
0	19000000	8563.836
1000000	19000000	6588.0767
2000000	19000000	7047.472
3000000	19000000	5808.7134
4000000	19000000	4324.757
5000000	19000000	7133.4204
6000000	19000000	7588.886
7000000	19000000	7672.8276
8000000	19000000	8179.5317
9000000	19000000	6970.2603
10000000	19000000	6961.119
11000000	19000000	8167.7896
12000000	19000000	11143.632
13000000	19000000	15682.932
14000000	19000000	12071.785
15000000	19000000	5765.2573
18000000	19000000	141469.12
19000000	19000000	463260.44
0	20000000	6148.663
1000000	20000000	4380.6304
2000000	20000000	5999.0396
3000000	20000000	5887.472
4000000	20000000	4326.4717
5000000	20000000	5060.728
6000000	20000000	5641.4355
7000000	20000000	5217.9062
8000000	20000000	6365.3047
9000000	20000000	6901.576
10000000	20000000	6546.9653
11000000	20000000	7330.141
12000000	20000000	9770.961
13000000	20000000	11141.942
14000000	20000000	6750.477
15000000	20000000	3596.2651
18000000	20000000	35608.2
19000000	20000000	98331.414
20000000	20000000	527040.06
0	21000000	5883.442
1000000	21000000	3563.9722
2000000	21000000	6415.9097
3000000	21000000	6787.167
4000000	21000000	4787.218
5000000	21000000	5171.744
6000000	21000000	5398.241
7000000	21000000	4360.2617
8000000	21000000	5955.0747
9000000	21000000	7095.866
10000000	21000000	6542.1924
11000000	21000000	7239.2896
12000000	21000000	9264.712
13000000	21000000	9474.766
14000000	21000000	4538.5903
15000000	21000000	1951.4323
18000000	21000000	16446.688
19000000	21000000	31995.635
20000000	21000000	118487.234
21000000	21000000	522870.5
0	22000000	5715.116
1000000	22000000	6857.1978
2000000	22000000	4870.387
3000000	22000000	5052.2837
4000000	22000000	4184.9956
5000000	22000000	7654.887
6000000	22000000	7606.5522
7000000	22000000	7753.218
8000000	22000000	6870.91
9000000	22000000	4083.988
10000000	22000000	5394.7915
11000000	22000000	6336.93
12000000	22000000	5498.3296
13000000	22000000	6800.8794
14000000	22000000	6703.094
15000000	22000000	3994.7834
18000000	22000000	14513.984
19000000	22000000	22647.998
20000000	22000000	26195.174
21000000	22000000	82972.28
22000000	22000000	460949.84
0	23000000	5653.619
1000000	23000000	4984.041
2000000	23000000	5897.579
3000000	23000000	5781.719
4000000	23000000	4920.204
5000000	23000000	5706.6265
6000000	23000000	5744.0396
7000000	23000000	5176.0938
8000000	23000000	5391.6196
9000000	23000000	5106.1943
10000000	23000000	4898.58
11000000	23000000	5233.6387
12000000	23000000	5682.203
13000000	23000000	6460.536
14000000	23000000	4921.0166
15000000	23000000	2658.4292
18000000	23000000	11555.386
19000000	23000000	16443.455
20000000	23000000	18587.188
21000000	23000000	34248.348
22000000	23000000	116873.39
23000000	23000000	446103.2
0	24000000	5456.07
1000000	24000000	5439.019
2000000	24000000	5042.0947
3000000	24000000	5036.5513
4000000	24000000	4207.3423
5000000	24000000	5304.297
6000000	24000000	5499.132
7000000	24000000	5005.7305
8000000	24000000	4851.3594
9000000	24000000	3866.0657
10000000	24000000	3786.492
11000000	24000000	4097.483
12000000	24000000	4184.9316
13000000	24000000	5381.313
14000000	24000000	4822.1274
15000000	24000000	3007.0693
18000000	24000000	9642.369
19000000	24000000	12172.927
20000000	24000000	12335.503
21000000	24000000	17987.371
22000000	24000000	35456.67
23000000	24000000	130826.41
24000000	24000000	455586.16
0	25000000	4648.956
1000000	25000000	7958.246
2000000	25000000	4015.6135
3000000	25000000	3103.165
4000000	25000000	3585.056
5000000	25000000	5269.009
6000000	25000000	5617.82
7000000	25000000	6969.401
8000000	25000000	4170.4946
9000000	25000000	2223.0652
10000000	25000000	2728.1719
11000000	25000000	3043.776
12000000	25000000	2569.5762
13000000	25000000	4032.857
14000000	25000000	6637.075
15000000	25000000	5254.3237
18000000	25000000	9182.38
19000000	25000000	9433.3125
20000000	25000000	8051.5693
21000000	25000000	9184.552
22000000	25000000	22529.38
23000000	25000000	29400.0
24000000	25000000	98921.08
25000000	25000000	451885.7
0	26000000	4261.0825
1000000	26000000	7955.449
2000000	26000000	3859.7632
3000000	26000000	2954.1511
4000000	26000000	3534.2698
5000000	26000000	4977.9346
6000000	26000000	5101.982
7000000	26000000	6598.489
8000000	26000000	3733.4932
9000000	26000000	2051.3345
10000000	26000000	2543.0364
11000000	26000000	2907.506
12000000	26000000	2408.1843
13000000	26000000	3467.8948
14000000	26000000	5947.6753
15000000	26000000	5458.464
18000000	26000000	7808.283
19000000	26000000	7626.015
20000000	26000000	6676.5693
21000000	26000000	7127.862
22000000	26000000	15135.372
23000000	26000000	16377.583
24000000	26000000	31615.145
25000000	26000000	125131.71
26000000	26000000	460895.62
0	27000000	4016.7532
1000000	27000000	7957.195
2000000	27000000	3823.8518
3000000	27000000	2795.3464
4000000	27000000	2993.548
5000000	27000000	4735.024
6000000	27000000	5046.2573
7000000	27000000	5766.471
8000000	27000000	3534.4094
9000000	27000000	1911.2429
10000000	27000000	2322.1282
11000000	27000000	2759.3591
12000000	27000000	2302.2603
13000000	27000000	3176.124
14000000	27000000	5430.317
15000000	27000000	4702.7744
18000000	27000000	6916.4136
19000000	27000000	6897.7275
20000000	27000000	5756.056
21000000	27000000	6165.8164
22000000	27000000	12599.753
23000000	27000000	12342.637
24000000	27000000	20558.436
25000000	27000000	46730.97
26000000	27000000	110459.38
27000000	27000000	456321.1
0	28000000	4505.3022
1000000	28000000	6172.347
2000000	28000000	4636.6733
3000000	28000000	3650.4402
4000000	28000000	3404.5217
5000000	28000000	4549.402
6000000	28000000	4674.6206
7000000	28000000	4353.2217
8000000	28000000	3763.0356
9000000	28000000	2654.1084
10000000	28000000	2712.32
11000000	28000000	3192.1687
12000000	28000000	2994.89
13000000	28000000	3623.9648
14000000	28000000	4082.4858
15000000	28000000	2399.504
18000000	28000000	6449.3896
19000000	28000000	7031.6973
20000000	28000000	6350.2715
21000000	28000000	7106.298
22000000	28000000	10731.393
23000000	28000000	11467.012
24000000	28000000	16632.18
25000000	28000000	23356.857
26000000	28000000	33388.824
27000000	28000000	103690.01
28000000	28000000	454421.34
0	29000000	5615.5044
1000000	29000000	3739.2336
2000000	29000000	5800.872
3000000	29000000	5313.867
4000000	29000000	4151.143
5000000	29000000	3733.3901
6000000	29000000	4042.8916
7000000	29000000	2993.2043
8000000	29000000	3660.3135
9000000	29000000	4470.9185
10000000	29000000	3555.2644
11000000	29000000	3739.432
12000000	29000000	4680.5137
13000000	29000000	4987.1025
14000000	29000000	3004.5576
15000000	29000000	1295.7877
18000000	29000000	6126.2627
19000000	29000000	7709.5815
20000000	29000000	8158.675
21000000	29000000	9572.252
22000000	29000000	8207.915
23000000	29000000	12373.9795
24000000	29000000	13197.753
25000000	29000000	11838.47
26000000	29000000	14721.898
27000000	29000000	26583.607
28000000	29000000	113847.695
29000000	29000000	499019.53
0	30000000	4599.46
1000000	30000000	6931.3306
2000000	30000000	4409.377
3000000	30000000	3178.8005
4000000	30000000	2825.3262
5000000	30000000	4983.6455
6000000	30000000	5131.984
7000000	30000000	4791.9087
8000000	30000000	3822.225
9000000	30000000	2302.697
10000000	30000000	2718.434
11000000	30000000	3274.3525
12000000	30000000	2846.1372
13000000	30000000	3468.1177
14000000	30000000	3998.1863
15000000	30000000	2461.7837
18000000	30000000	5763.346
19000000	30000000	6814.0117
20000000	30000000	5556.332
21000000	30000000	6011.056
22000000	30000000	10601.904
23000000	30000000	8869.784
24000000	30000000	11614.446
25000000	30000000	14628.149
26000000	30000000	18249.162
27000000	30000000	28420.006
28000000	30000000	40758.73
29000000	30000000	91495.42
30000000	30000000	449340.5
0	31000000	4287.3696
1000000	31000000	5592.914
2000000	31000000	4238.382
3000000	31000000	3659.3298
4000000	31000000	4029.1133
5000000	31000000	4300.137
6000000	31000000	4242.2134
7000000	31000000	3931.8792
8000000	31000000	3463.6208
9000000	31000000	2587.0317
10000000	31000000	2729.8145
11000000	31000000	3094.7532
12000000	31000000	2601.2688
13000000	31000000	3393.2393
14000000	31000000	3600.1106
15000000	31000000	2480.8635
18000000	31000000	5245.2437
19000000	31000000	5975.942
20000000	31000000	5280.308
21000000	31000000	5666.1445
22000000	31000000	7673.4976
23000000	31000000	7711.8994
24000000	31000000	9317.884
25000000	31000000	10657.192
26000000	31000000	12707.778
27000000	31000000	16817.232
28000000	31000000	20565.86
29000000	31000000	23199.049
30000000	31000000	89066.71
31000000	31000000	493164.66
0	32000000	4694.0244
1000000	32000000	4259.8345
2000000	32000000	4436.246
3000000	32000000	3909.2056
4000000	32000000	3410.8496
5000000	32000000	3971.0776
6000000	32000000	3846.9321
7000000	32000000	3306.698
8000000	32000000	3554.4832
9000000	32000000	3327.4163
10000000	32000000	3049.9016
11000000	32000000	3396.9128
12000000	32000000	3511.2705
13000000	32000000	4216.0625
14000000	32000000	3462.8567
15000000	32000000	1884.1633
18000000	32000000	5399.9224
19000000	32000000	6351.608
20000000	32000000	6068.6006
21000000	32000000	6816.087
22000000	32000000	7321.0776
23000000	32000000	7926.8813
24000000	32000000	8662.585
25000000	32000000	8500.608
26000000	32000000	9499.89
27000000	32000000	11464.214
28000000	32000000	14307.073
29000000	32000000	18130.643
30000000	32000000	33007.496
31000000	32000000	104529.625
32000000	32000000	446180.75
0	33000000	4071.1765
1000000	33000000	2178.8813
2000000	33000000	4318.463
3000000	33000000	4403.321
4000000	33000000	3606.7468
5000000	33000000	2688.4614
6000000	33000000	2955.7175
7000000	33000000	2282.1648
8000000	33000000	3446.795
9000000	33000000	4456.8296
10000000	33000000	3561.2383
11000000	33000000	3729.812
12000000	33000000	4721.7847
13000000	33000000	4847.3506
14000000	33000000	2628.66
15000000	33000000	1210.9288
18000000	33000000	4455.9697
19000000	33000000	6074.506
20000000	33000000	6808.076
21000000	33000000	8184.0337
22000000	33000000	5512.301
23000000	33000000	7475.0176
24000000	33000000	6845.553
25000000	33000000	4893.9863
26000000	33000000	5120.906
27000000	33000000	5432.624
28000000	33000000	8128.3555
29000000	33000000	14209.237
30000000	33000000	11099.584
31000000	33000000	20604.225
32000000	33000000	112382.48
33000000	33000000	514494.66
0	34000000	4561.726
1000000	34000000	3792.887
2000000	34000000	3970.5264
3000000	34000000	3857.9006
4000000	34000000	3243.202
5000000	34000000	3937.2117
6000000	34000000	4195.077
7000000	34000000	3942.5618
8000000	34000000	4127.57
9000000	34000000	3476.8254
10000000	34000000	3415.591
11000000	34000000	3596.0613
12000000	34000000	3793.9805
13000000	34000000	4870.3516
14000000	34000000	4061.1252
15000000	34000000	2124.412
18000000	34000000	6125.4067
19000000	34000000	7312.2314
20000000	34000000	6656.8115
21000000	34000000	7384.087
22000000	34000000	8185.023
23000000	34000000	8112.419
24000000	34000000	8254.542
25000000	34000000	7432.5767
26000000	34000000	7413.709
27000000	34000000	7932.2256
28000000	34000000	9486.334
29000000	34000000	12071.71
30000000	34000000	13913.207
31000000	34000000	17964.879
32000000	34000000	36496.84
33000000	34000000	129304.45
34000000	34000000	401314.22
0	35000000	3653.9016
1000000	35000000	5314.059
2000000	35000000	2682.0369
3000000	35000000	2041.0156
4000000	35000000	2337.1736
5000000	35000000	3626.2646
6000000	35000000	4208.385
7000000	35000000	4914.5845
8000000	35000000	3180.2505
9000000	35000000	1615.4327
10000000	35000000	2098.9585
11000000	35000000	2271.1248
12000000	35000000	1859.7615
13000000	35000000	3197.4834
14000000	35000000	5576.6055
15000000	35000000	4593.7803
18000000	35000000	5238.7646
19000000	35000000	5325.041
20000000	35000000	3838.059
21000000	35000000	3745.0784
22000000	35000000	6857.605
23000000	35000000	5251.19
24000000	35000000	6252.016
25000000	35000000	8628.889
26000000	35000000	8947.841
27000000	35000000	8842.77
28000000	35000000	7810.0044
29000000	35000000	6265.4155
30000000	35000000	12110.504
31000000	35000000	12176.524
32000000	35000000	14978.469
33000000	35000000	14912.966
34000000	35000000	77369.32
35000000	35000000	402768.7
0	36000000	3404.9517
1000000	36000000	4360.7676
2000000	36000000	2781.4634
3000000	36000000	2641.872
4000000	36000000	3368.6665
5000000	36000000	3216.5532
6000000	36000000	3510.5962
7000000	36000000	3861.5813
8000000	36000000	2645.5957
9000000	36000000	1990.6975
10000000	36000000	1902.439
11000000	36000000	2007.0375
12000000	36000000	1814.3922
13000000	36000000	3100.3674
14000000	36000000	4734.7095
15000000	36000000	3809.641
18000000	36000000	5312.307
19000000	36000000	4575.8076
20000000	36000000	3826.9512
21000000	36000000	3668.6143
22000000	36000000	4906.48
23000000	36000000	4856.6436
24000000	36000000	5661.5654
25000000	36000000	7451.879
26000000	36000000	7805.9463
27000000	36000000	7198.713
28000000	36000000	7306.208
29000000	36000000	6500.7456
30000000	36000000	8682.609
31000000	36000000	10942.432
32000000	36000000	12836.447
33000000	36000000	12634.167
34000000	36000000	29581.4
35000000	36000000	142767.81
36000000	36000000	479961.34
0	37000000	2959.9622
1000000	37000000	5473.7075
2000000	37000000	2499.3362
3000000	37000000	2053.7869
4000000	37000000	2636.616
5000000	37000000	3296.9075
6000000	37000000	3392.365
7000000	37000000	4527.91
8000000	37000000	2459.6963
9000000	37000000	1380.3694
10000000	37000000	1687.2976
11000000	37000000	1840.4557
12000000	37000000	1605.7721
13000000	37000000	2487.7317
14000000	37000000	4671.962
15000000	37000000	3875.1313
18000000	37000000	4236.4814
19000000	37000000	4115.545
20000000	37000000	3304.3538
21000000	37000000	3051.1663
22000000	37000000	5494.278
23000000	37000000	4402.2236
24000000	37000000	5505.8696
25000000	37000000	8651.687
26000000	37000000	9710.638
27000000	37000000	10128.405
28000000	37000000	7817.842
29000000	37000000	5443.609
30000000	37000000	10466.961
31000000	37000000	10897.238
32000000	37000000	11154.198
33000000	37000000	8918.495
34000000	37000000	27051.404
35000000	37000000	89019.93
36000000	37000000	106487.42
37000000	37000000	434611.28
0	38000000	3265.0322
1000000	38000000	5509.033
2000000	38000000	3063.6199
3000000	38000000	2447.593
4000000	38000000	2504.9927
5000000	38000000	3627.4739
6000000	38000000	3594.6968
7000000	38000000	4122.5913
8000000	38000000	2711.3386
9000000	38000000	1608.3892
10000000	38000000	1880.8837
11000000	38000000	2149.4211
12000000	38000000	1776.9017
13000000	38000000	2393.0293
14000000	38000000	3686.4795
15000000	38000000	2727.438
18000000	38000000	4163.578
19000000	38000000	4568.3345
20000000	38000000	3724.8386
21000000	38000000	3565.245
22000000	38000000	5851.071
23000000	38000000	4962.56
24000000	38000000	5906.359
25000000	38000000	8401.19
26000000	38000000	9587.687
27000000	38000000	10318.166
28000000	38000000	8673.015
29000000	38000000	6209.775
30000000	38000000	11609.017
31000000	38000000	11534.547
32000000	38000000	11276.287
33000000	38000000	8203.038
34000000	38000000	20951.742
35000000	38000000	36627.09
36000000	38000000	33472.22
37000000	38000000	98884.74
38000000	38000000	457871.34
0	39000000	3952.8113
1000000	39000000	4233.418
2000000	39000000	3675.07
3000000	39000000	3273.5593
4000000	39000000	3175.4058
5000000	39000000	3468.915
6000000	39000000	3597.5364
7000000	39000000	3381.4546
8000000	39000000	3161.2002
9000000	39000000	2195.5718
10000000	39000000	2341.6921
11000000	39000000	2675.7126
12000000	39000000	2389.2383
13000000	39000000	3228.1914
14000000	39000000	3312.3726
15000000	39000000	1656.3848
18000000	39000000	4632.1816
19000000	39000000	5371.002
20000000	39000000	4921.707
21000000	39000000	4925.573
22000000	39000000	6533.7466
23000000	39000000	5887.297
24000000	39000000	6679.9966
25000000	39000000	6804.4473
26000000	39000000	6789.722
27000000	39000000	7663.486
28000000	39000000	8331.008
29000000	39000000	7901.059
30000000	39000000	10064.553
31000000	39000000	10334.922
32000000	39000000	11792.821
33000000	39000000	11061.022
34000000	39000000	22980.852
35000000	39000000	27160.773
36000000	39000000	23233.79
37000000	39000000	41275.027
38000000	39000000	98762.71
39000000	39000000	388584.4
0	40000000	3325.0469
1000000	40000000	5159.0845
2000000	40000000	3207.4563
3000000	40000000	2309.0898
4000000	40000000	2138.8298
5000000	40000000	3598.839
6000000	40000000	3525.9414
7000000	40000000	3487.365
8000000	40000000	2728.1296
9000000	40000000	1472.8765
10000000	40000000	1923.1519
11000000	40000000	2255.0583
12000000	40000000	1894.8258
13000000	40000000	2458.0544
14000000	40000000	3112.1316
15000000	40000000	1671.9135
18000000	40000000	3986.3047
19000000	40000000	4685.192
20000000	40000000	3806.9463
21000000	40000000	3818.5398
22000000	40000000	6648.8735
23000000	40000000	5133.7935
24000000	40000000	6228.534
25000000	40000000	7802.3506
26000000	40000000	7903.864
27000000	40000000	8963.788
28000000	40000000	8364.226
29000000	40000000	5832.862
30000000	40000000	10926.513
31000000	40000000	9952.999
32000000	40000000	9462.064
33000000	40000000	6197.497
34000000	40000000	11664.258
35000000	40000000	14198.725
36000000	40000000	11958.856
37000000	40000000	19133.727
38000000	40000000	33191.23
39000000	40000000	116241.88
40000000	40000000	467572.56
0	41000000	3122.4084
1000000	41000000	5155.81
2000000	41000000	2821.5144
3000000	41000000	2060.2195
4000000	41000000	1885.6382
5000000	41000000	3599.1685
6000000	41000000	3591.2834
7000000	41000000	3734.3538
8000000	41000000	2756.2107
9000000	41000000	1342.0612
10000000	41000000	1855.532
11000000	41000000	2347.168
12000000	41000000	1746.3212
13000000	41000000	2277.6223
14000000	41000000	3022.7524
15000000	41000000	2032.1656
18000000	41000000	3861.986
19000000	41000000	4520.912
20000000	41000000	3640.4849
21000000	41000000	3713.605
22000000	41000000	6973.3887
23000000	41000000	5050.7524
24000000	41000000	6024.77
25000000	41000000	7339.793
26000000	41000000	7821.568
27000000	41000000	8524.121
28000000	41000000	7565.1104
29000000	41000000	5373.6006
30000000	41000000	10739.677
31000000	41000000	8925.881
32000000	41000000	7943.3213
33000000	41000000	5011.715
34000000	41000000	9588.964
35000000	41000000	11650.879
36000000	41000000	9170.863
37000000	41000000	13915.391
38000000	41000000	20882.807
39000000	41000000	37451.2
40000000	41000000	83525.766
41000000	41000000	441486.9
0	42000000	3462.1982
1000000	42000000	2655.5505
2000000	42000000	3439.9773
3000000	42000000	3544.0266
4000000	42000000	2975.0437
5000000	42000000	2973.6438
6000000	42000000	3057.9507
7000000	42000000	2589.7253
8000000	42000000	2894.4058
9000000	42000000	2734.216
10000000	42000000	2765.3774
11000000	42000000	2890.2893
12000000	42000000	2937.934
13000000	42000000	3293.691
14000000	42000000	2116.9421
15000000	42000000	1011.99084
18000000	42000000	3531.1284
19000000	42000000	4888.2754
20000000	42000000	5116.097
21000000	42000000	5977.016
22000000	42000000	5752.814
23000000	42000000	6092.0747
24000000	42000000	5973.9824
25000000	42000000	4335.883
26000000	42000000	4311.5664
27000000	42000000	4560.213
28000000	42000000	5750.6953
29000000	42000000	7118.0273
30000000	42000000	6539.8726
31000000	42000000	6760.054
32000000	42000000	7771.698
33000000	42000000	8335.804
34000000	42000000	10289.707
35000000	42000000	6881.3545
36000000	42000000	6966.0815
37000000	42000000	7216.82
38000000	42000000	10434.282
39000000	42000000	22100.744
40000000	42000000	25851.93
41000000	42000000	123261.95
42000000	42000000	518817.3
0	43000000	4042.896
1000000	43000000	2339.2197
2000000	43000000	3763.7314
3000000	43000000	4186.4746
4000000	43000000	3094.8037
5000000	43000000	3193.0225
6000000	43000000	3287.7903
7000000	43000000	2919.3843
8000000	43000000	3705.3818
9000000	43000000	3992.393
10000000	43000000	3867.5774
11000000	43000000	4100.243
12000000	43000000	4637.7305
13000000	43000000	4586.7534
14000000	43000000	2339.2214
15000000	43000000	1015.21423
18000000	43000000	4180.252
19000000	43000000	6020.7817
20000000	43000000	6188.261
21000000	43000000	7304.581
22000000	43000000	5884.518
23000000	43000000	6061.9336
24000000	43000000	5041.766
25000000	43000000	3560.8477
26000000	43000000	3327.5942
27000000	43000000	3385.887
28000000	43000000	4366.242
29000000	43000000	6707.352
30000000	43000000	5179.0654
31000000	43000000	4987.2935
32000000	43000000	7039.8516
33000000	43000000	9408.698
34000000	43000000	10366.311
35000000	43000000	6294.4272
36000000	43000000	5735.6035
37000000	43000000	5593.7607
38000000	43000000	7517.5825
39000000	43000000	14909.603
40000000	43000000	15909.556
41000000	43000000	37316.652
42000000	43000000	68004.04
43000000	43000000	466020.25
0	44000000	3494.9165
1000000	44000000	2490.223
2000000	44000000	2820.6794
3000000	44000000	3590.713
4000000	44000000	2905.597
5000000	44000000	3756.553
6000000	44000000	3563.1885
7000000	44000000	3619.6238
8000000	44000000	4092.604
9000000	44000000	3828.008
10000000	44000000	4462.8438
11000000	44000000	4888.364
12000000	44000000	4790.4155
13000000	44000000	4107.257
14000000	44000000	2394.288
15000000	44000000	1069.2472
18000000	44000000	3930.6152
19000000	44000000	5617.337
20000000	44000000	5427.6143
21000000	44000000	6133.66
22000000	44000000	6158.8887
23000000	44000000	5052.24
24000000	44000000	3995.8757
25000000	44000000	3208.7485
26000000	44000000	2850.8186
27000000	44000000	2903.7534
28000000	44000000	3245.4617
29000000	44000000	4490.543
30000000	44000000	4215.058
31000000	44000000	3939.1536
32000000	44000000	5284.4937
33000000	44000000	6879.055
34000000	44000000	7860.154
35000000	44000000	5544.203
36000000	44000000	4501.31
37000000	44000000	4529.0806
38000000	44000000	5687.6587
39000000	44000000	8339.032
40000000	44000000	8580.873
41000000	44000000	13122.021
42000000	44000000	18425.209
43000000	44000000	124529.27
44000000	44000000	466596.7
0	45000000	3327.1692
1000000	45000000	2499.8125
2000000	45000000	2643.405
3000000	45000000	3360.9624
4000000	45000000	2674.4688
5000000	45000000	3753.723
6000000	45000000	3575.6387
7000000	45000000	3851.3416
8000000	45000000	4219.7964
9000000	45000000	3637.1104
10000000	45000000	4542.7593
11000000	45000000	5005.2876
12000000	45000000	4703.6465
13000000	45000000	3961.232
14000000	45000000	2168.3462
15000000	45000000	1079.3224
18000000	45000000	3593.5627
19000000	45000000	5577.8535
20000000	45000000	5313.8667
21000000	45000000	5970.932
22000000	45000000	6560.0625
23000000	45000000	4904.2153
24000000	45000000	3802.7424
25000000	45000000	2955.7114
26000000	45000000	2587.496
27000000	45000000	2679.5383
28000000	45000000	3129.017
29000000	45000000	4058.9907
30000000	45000000	4170.1157
31000000	45000000	3666.1348
32000000	45000000	4767.0283
33000000	45000000	6001.7354
34000000	45000000	7086.26
35000000	45000000	5200.4707
36000000	45000000	3761.215
37000000	45000000	4109.5547
38000000	45000000	4911.032
39000000	45000000	6988.781
40000000	45000000	7435.62
41000000	45000000	10185.09
42000000	45000000	13103.589
43000000	45000000	36853.664
44000000	45000000	139406.62
45000000	45000000	478586.9
0	46000000	2677.2263
1000000	46000000	1228.2024
2000000	46000000	2810.6453
3000000	46000000	3733.3403
4000000	46000000	2900.4165
5000000	46000000	2029.7815
6000000	46000000	2198.5024
7000000	46000000	1881.1833
8000000	46000000	2767.727
9000000	46000000	4088.313
10000000	46000000	3721.0295
11000000	46000000	3791.483
12000000	46000000	4760.368
13000000	46000000	3505.1196
14000000	46000000	1271.2405
15000000	46000000	602.6443
18000000	46000000	2547.3918
19000000	46000000	4315.731
20000000	46000000	5402.671
21000000	46000000	6092.961
22000000	46000000	3430.8318
23000000	46000000	4279.2905
24000000	46000000	3056.8318
25000000	46000000	1778.0004
26000000	46000000	1662.7058
27000000	46000000	1606.7153
28000000	46000000	2517.6228
29000000	46000000	4605.143
30000000	46000000	2506.7874
31000000	46000000	2848.9148
32000000	46000000	4092.3157
33000000	46000000	6666.1055
34000000	46000000	5618.465
35000000	46000000	2660.2024
36000000	46000000	2772.4568
37000000	46000000	2474.6301
38000000	46000000	2973.1401
39000000	46000000	5026.0537
40000000	46000000	3895.2131
41000000	46000000	4665.4717
42000000	46000000	9707.529
43000000	46000000	20393.662
44000000	46000000	31168.896
45000000	46000000	92409.93
46000000	46000000	613590.0
0	47000000	3198.5027
1000000	47000000	1746.1584
2000000	47000000	2920.187
3000000	47000000	3623.5789
4000000	47000000	2722.15
5000000	47000000	2825.0283
6000000	47000000	2640.8687
7000000	47000000	2509.2986
8000000	47000000	3400.1877
9000000	47000000	3920.192
10000000	47000000	4220.5884
11000000	47000000	4459.063
12000000	47000000	4723.2334
13000000	47000000	4058.8694
14000000	47000000	1792.8527
15000000	47000000	859.2138
18000000	47000000	3181.723
19000000	47000000	4788.301
20000000	47000000	5208.992
21000000	47000000	6000.609
22000000	47000000	4601.0454
23000000	47000000	4319.635
24000000	47000000	3334.9294
25000000	47000000	2209.875
26000000	47000000	2079.0876
27000000	47000000	2073.0654
28000000	47000000	2804.434
29000000	47000000	4286.0845
30000000	47000000	3190.106
31000000	47000000	3210.4102
32000000	47000000	4409.103
33000000	47000000	6493.6206
34000000	47000000	6045.7017
35000000	47000000	3538.5283
36000000	47000000	3185.0876
37000000	47000000	2998.4744
38000000	47000000	3689.942
39000000	47000000	5513.512
40000000	47000000	4892.4043
41000000	47000000	5813.926
42000000	47000000	9293.554
43000000	47000000	19156.209
44000000	47000000	29666.281
45000000	47000000	54098.438
46000000	47000000	115181.89
47000000	47000000	542001.1
0	48000000	3881.9775
1000000	48000000	2605.0886
2000000	48000000	3248.3706
3000000	48000000	3640.8503
4000000	48000000	2704.154
5000000	48000000	3312.1816
6000000	48000000	3147.431
7000000	48000000	2948.2715
8000000	48000000	3546.8154
9000000	48000000	3394.6682
10000000	48000000	3393.8293
11000000	48000000	3630.3245
12000000	48000000	3877.2336
13000000	48000000	4204.1562
14000000	48000000	2605.9443
15000000	48000000	1310.5991
18000000	48000000	4156.488
19000000	48000000	5422.1084
20000000	48000000	5149.692
21000000	48000000	5740.668
22000000	48000000	5331.8955
23000000	48000000	5224.473
24000000	48000000	4523.239
25000000	48000000	3443.5388
26000000	48000000	3280.8948
27000000	48000000	3317.5068
28000000	48000000	4045.568
29000000	48000000	5347.005
30000000	48000000	4589.0254
31000000	48000000	4657.085
32000000	48000000	5793.645
33000000	48000000	6773.694
34000000	48000000	7447.708
35000000	48000000	4940.34
36000000	48000000	4731.9434
37000000	48000000	4408.4624
38000000	48000000	5260.873
39000000	48000000	7268.295
40000000	48000000	6843.58
41000000	48000000	7758.2676
42000000	48000000	10880.608
43000000	48000000	16875.662
44000000	48000000	21076.857
45000000	48000000	28142.81
46000000	48000000	25633.115
47000000	48000000	82880.23
48000000	48000000	453400.34
0	49000000	2979.9482
1000000	49000000	2694.9468
2000000	49000000	2915.654
3000000	49000000	3154.3254
4000000	49000000	4435.2305
5000000	49000000	2771.9338
6000000	49000000	2741.0708
7000000	49000000	2736.216
8000000	49000000	2608.5762
9000000	49000000	2177.3757
10000000	49000000	2246.3079
11000000	49000000	2307.1477
12000000	49000000	2051.0042
13000000	49000000	2880.0688
14000000	49000000	2684.1445
15000000	49000000	1700.5273
18000000	49000000	3754.7175
19000000	49000000	3963.8845
20000000	49000000	3670.0369
21000000	49000000	3668.134
22000000	49000000	3924.9148
23000000	49000000	4123.2188
24000000	49000000	4252.1885
25000000	49000000	4381.6343
26000000	49000000	4483.0293
27000000	49000000	4100.4434
28000000	49000000	4628.339
29000000	49000000	4780.9844
30000000	49000000	4620.6616
31000000	49000000	5718.314
32000000	49000000	5551.073
33000000	49000000	5406.5513
34000000	49000000	6402.84
35000000	49000000	5405.522
36000000	49000000	6269.562
37000000	49000000	5591.577
38000000	49000000	5796.436
39000000	49000000	7230.0947
40000000	49000000	6997.9614
41000000	49000000	7927.9297
42000000	49000000	8579.404
43000000	49000000	9098.778
44000000	49000000	8843.081
45000000	49000000	9568.894
46000000	49000000	9418.478
47000000	49000000	16459.178
48000000	49000000	103003.97
49000000	49000000	507420.16
0	50000000	2903.04
1000000	50000000	4989.934
2000000	50000000	2497.6907
3000000	50000000	1854.8412
4000000	50000000	1867.5168
5000000	50000000	3342.7354
6000000	50000000	3438.721
7000000	50000000	3847.0178
8000000	50000000	2596.2566
9000000	50000000	1291.4452
10000000	50000000	1616.6931
11000000	50000000	1981.9001
12000000	50000000	1596.2258
13000000	50000000	2212.1572
14000000	50000000	3350.6926
15000000	50000000	2796.1538
18000000	50000000	3862.287
19000000	50000000	4189.298
20000000	50000000	3149.9434
21000000	50000000	2900.2795
22000000	50000000	5570.486
23000000	50000000	4069.8223
24000000	50000000	4852.4717
25000000	50000000	6642.771
26000000	50000000	6856.959
27000000	50000000	7324.064
28000000	50000000	6231.7046
29000000	50000000	4027.6033
30000000	50000000	7827.1553
31000000	50000000	6725.806
32000000	50000000	5552.592
33000000	50000000	3270.2236
34000000	50000000	5926.5913
35000000	50000000	7731.1523
36000000	50000000	6234.597
37000000	50000000	8252.698
38000000	50000000	9420.708
39000000	50000000	8712.278
40000000	50000000	11837.009
41000000	50000000	13866.321
42000000	50000000	7756.3013
43000000	50000000	7292.298
44000000	50000000	7990.7295
45000000	50000000	9532.123
46000000	50000000	5679.6904
47000000	50000000	11119.974
48000000	50000000	47531.79
49000000	50000000	129477.15
50000000	50000000	448217.8
0	51000000	3304.21
1000000	51000000	3423.1377
2000000	51000000	3148.6357
3000000	51000000	2634.9097
4000000	51000000	2109.8267
5000000	51000000	2581.8162
6000000	51000000	2689.1704
7000000	51000000	2545.132
8000000	51000000	2470.1675
9000000	51000000	2004.9171
10000000	51000000	1941.9268
11000000	51000000	2139.7258
12000000	51000000	2239.715
13000000	51000000	2806.3896
14000000	51000000	2384.6409
15000000	51000000	1194.5038
18000000	51000000	3618.55
19000000	51000000	4441.379
20000000	51000000	4055.936
21000000	51000000	4230.268
22000000	51000000	4776.2646
23000000	51000000	4742.3037
24000000	51000000	5061.672
25000000	51000000	4745.9404
26000000	51000000	4915.0483
27000000	51000000	5433.755
28000000	51000000	5853.5127
29000000	51000000	5965.5312
30000000	51000000	6363.848
31000000	51000000	6189.8125
32000000	51000000	6035.1255
33000000	51000000	4875.9365
34000000	51000000	6134.818
35000000	51000000	5371.8154
36000000	51000000	5258.068
37000000	51000000	5628.0474
38000000	51000000	6800.587
39000000	51000000	8333.322
40000000	51000000	8752.172
41000000	51000000	9634.23
42000000	51000000	8668.705
43000000	51000000	7972.854
44000000	51000000	6999.8755
45000000	51000000	7282.2783
46000000	51000000	6987.5225
47000000	51000000	9997.047
48000000	51000000	22908.268
49000000	51000000	30012.832
50000000	51000000	66924.42
51000000	51000000	472264.1
0	52000000	2842.3188
1000000	52000000	2775.1768
2000000	52000000	2718.4348
3000000	52000000	2393.3457
4000000	52000000	2077.0176
5000000	52000000	2443.7698
6000000	52000000	2394.6821
7000000	52000000	2353.9392
8000000	52000000	2269.4668
9000000	52000000	1873.9979
10000000	52000000	1832.3964
11000000	52000000	2084.4255
12000000	52000000	2039.1484
13000000	52000000	2568.5752
14000000	52000000	1941.7826
15000000	52000000	1248.1154
18000000	52000000	3250.0579
19000000	52000000	3868.6038
20000000	52000000	3703.4705
21000000	52000000	3869.8672
22000000	52000000	4472.413
23000000	52000000	4381.84
24000000	52000000	4386.763
25000000	52000000	4100.553
26000000	52000000	4094.9702
27000000	52000000	4446.488
28000000	52000000	4968.116
29000000	52000000	5269.926
30000000	52000000	5512.7056
31000000	52000000	5302.538
32000000	52000000	5575.123
33000000	52000000	4503.419
34000000	52000000	5556.231
35000000	52000000	4653.414
36000000	52000000	4689.6123
37000000	52000000	4747.9673
38000000	52000000	5819.679
39000000	52000000	7024.513
40000000	52000000	7069.6807
41000000	52000000	7558.46
42000000	52000000	7373.5513
43000000	52000000	7057.525
44000000	52000000	6177.401
45000000	52000000	6444.424
46000000	52000000	5785.1494
47000000	52000000	7943.2783
48000000	52000000	14375.215
49000000	52000000	16001.593
50000000	52000000	26835.74
51000000	52000000	111148.516
52000000	52000000	456764.66
0	53000000	2619.5513
1000000	53000000	3610.2117
2000000	53000000	2288.5166
3000000	53000000	1885.3577
4000000	53000000	1650.3801
5000000	53000000	2666.6626
6000000	53000000	2769.9712
7000000	53000000	3118.9849
8000000	53000000	2456.081
9000000	53000000	1498.2701
10000000	53000000	1716.4895
11000000	53000000	1973.9342
12000000	53000000	1745.6954
13000000	53000000	2160.6199
14000000	53000000	2763.6184
15000000	53000000	1670.006
18000000	53000000	3240.268
19000000	53000000	3891.318
20000000	53000000	3096.4937
21000000	53000000	3203.4097
22000000	53000000	5025.089
23000000	53000000	4009.0205
24000000	53000000	4288.1987
25000000	53000000	5198.3726
26000000	53000000	5402.4233
27000000	53000000	5560.2773
28000000	53000000	5226.7817
29000000	53000000	4066.9155
30000000	53000000	6060.7656
31000000	53000000	5700.719
32000000	53000000	5073.2305
33000000	53000000	3481.8
34000000	53000000	5400.2
35000000	53000000	6118.92
36000000	53000000	5161.433
37000000	53000000	6149.252
38000000	53000000	6913.212
39000000	53000000	6941.2046
40000000	53000000	7878.768
41000000	53000000	8597.3955
42000000	53000000	6134.61
43000000	53000000	5783.0596
44000000	53000000	5972.528
45000000	53000000	6117.5596
46000000	53000000	4148.2847
47000000	53000000	6348.9604
48000000	53000000	10983.508
49000000	53000000	11986.061
50000000	53000000	22006.158
51000000	53000000	37363.81
52000000	53000000	122071.914
53000000	53000000	461633.72
0	54000000	3111.569
1000000	54000000	2413.2417
2000000	54000000	2758.926
3000000	54000000	3096.4036
4000000	54000000	2527.6143
5000000	54000000	2639.198
6000000	54000000	2615.8618
7000000	54000000	2395.5947
8000000	54000000	2675.8489
9000000	54000000	2472.9888
10000000	54000000	2547.0684
11000000	54000000	2808.8616
12000000	54000000	2704.691
13000000	54000000	3031.0898
14000000	54000000	2092.4578
15000000	54000000	1150.4907
18000000	54000000	3542.3987
19000000	54000000	4485.556
20000000	54000000	4408.85
21000000	54000000	4916.9233
22000000	54000000	4652.2446
23000000	54000000	4576.373
24000000	54000000	4225.354
25000000	54000000	3498.5544
26000000	54000000	3450.8865
27000000	54000000	3598.8977
28000000	54000000	4090.8035
29000000	54000000	5197.3057
30000000	54000000	4716.511
31000000	54000000	4738.6147
32000000	54000000	5535.3945
33000000	54000000	5587.9453
34000000	54000000	6607.495
35000000	54000000	4623.3257
36000000	54000000	4212.427
37000000	54000000	4343.5215
38000000	54000000	4953.992
39000000	54000000	6239.33
40000000	54000000	5783.234
41000000	54000000	6080.694
42000000	54000000	7269.493
43000000	54000000	8588.616
44000000	54000000	8075.9917
45000000	54000000	8180.571
46000000	54000000	7096.6274
47000000	54000000	9378.881
48000000	54000000	12815.647
49000000	54000000	10430.611
50000000	54000000	12418.391
51000000	54000000	24132.85
52000000	54000000	48999.85
53000000	54000000	105440.125
54000000	54000000	429592.28
0	55000000	2931.145
1000000	55000000	1689.0964
2000000	55000000	2691.2158
3000000	55000000	3360.173
4000000	55000000	2671.311
5000000	55000000	2426.9426
6000000	55000000	2336.4084
7000000	55000000	2104.5852
8000000	55000000	2708.8596
9000000	55000000	3003.4998
10000000	55000000	3038.4778
11000000	55000000	3246.6362
12000000	55000000	3496.713
13000000	55000000	3305.0208
14000000	55000000	1632.2365
15000000	55000000	787.84076
18000000	55000000	2780.971
19000000	55000000	4288.015
20000000	55000000	4653.5796
21000000	55000000	5630.826
22000000	55000000	4474.368
23000000	55000000	4537.1436
24000000	55000000	3861.4067
25000000	55000000	2802.8079
26000000	55000000	2578.5828
27000000	55000000	2695.317
28000000	55000000	3520.9531
29000000	55000000	4894.6426
30000000	55000000	3812.3838
31000000	55000000	3934.0044
32000000	55000000	4976.0913
33000000	55000000	6412.6206
34000000	55000000	6377.476
35000000	55000000	3727.5574
36000000	55000000	3553.9622
37000000	55000000	3213.559
38000000	55000000	3853.8186
39000000	55000000	5324.424
40000000	55000000	4339.578
41000000	55000000	4631.1445
42000000	55000000	6831.396
43000000	55000000	9178.547
44000000	55000000	9094.383
45000000	55000000	9446.464
46000000	55000000	8938.275
47000000	55000000	11006.622
48000000	55000000	12010.18
49000000	55000000	8321.567
50000000	55000000	7842.6055
51000000	55000000	14636.461
52000000	55000000	20367.652
53000000	55000000	26720.084
54000000	55000000	134621.73
55000000	55000000	465522.25
0	56000000	2790.3152
1000000	56000000	1169.5017
2000000	56000000	2973.6233
3000000	56000000	3447.232
4000000	56000000	2622.9797
5000000	56000000	1811.6888
6000000	56000000	1861.1781
7000000	56000000	1496.9343
8000000	56000000	2384.0361
9000000	56000000	3352.17
10000000	56000000	2889.4812
11000000	56000000	3024.4424
12000000	56000000	3605.0076
13000000	56000000	3177.6907
14000000	56000000	1228.1132
15000000	56000000	440.65546
18000000	56000000	2335.1602
19000000	56000000	3873.9714
20000000	56000000	4827.257
21000000	56000000	5774.119
22000000	56000000	3470.5586
23000000	56000000	4373.2866
24000000	56000000	3401.8806
25000000	56000000	2105.4106
26000000	56000000	1958.7916
27000000	56000000	2001.924
28000000	56000000	2973.147
29000000	56000000	5435.489
30000000	56000000	2865.0186
31000000	56000000	3309.0361
32000000	56000000	4664.614
33000000	56000000	6844.332
34000000	56000000	5684.673
35000000	56000000	2767.059
36000000	56000000	3051.0503
37000000	56000000	2451.8245
38000000	56000000	2883.5195
39000000	56000000	4621.7773
40000000	56000000	3263.84
41000000	56000000	3326.3257
42000000	56000000	6733.863
43000000	56000000	8594.015
44000000	56000000	7625.811
45000000	56000000	7490.4126
46000000	56000000	9069.221
47000000	56000000	9855.66
48000000	56000000	9642.423
49000000	56000000	6848.0386
50000000	56000000	4979.827
51000000	56000000	10427.335
52000000	56000000	12265.098
53000000	56000000	11269.675
54000000	56000000	28356.875
55000000	56000000	118889.06
56000000	56000000	566492.44
0	57000000	3013.6467
1000000	57000000	2542.9905
2000000	57000000	2731.8604
3000000	57000000	2937.556
4000000	57000000	2441.3357
5000000	57000000	2713.7961
6000000	57000000	2601.1436
7000000	57000000	2391.7126
8000000	57000000	2534.831
9000000	57000000	2234.5093
10000000	57000000	2388.0576
11000000	57000000	2565.3867
12000000	57000000	2464.5063
13000000	57000000	2685.2
14000000	57000000	1973.1863
15000000	57000000	788.3018
18000000	57000000	3037.625
19000000	57000000	4025.4373
20000000	57000000	3818.4385
21000000	57000000	4585.592
22000000	57000000	4846.775
23000000	57000000	4329.1665
24000000	57000000	4253.2515
25000000	57000000	3610.4133
26000000	57000000	3761.9731
27000000	57000000	3958.9673
28000000	57000000	4860.584
29000000	57000000	5438.6006
30000000	57000000	5365.4165
31000000	57000000	5114.664
32000000	57000000	5599.9907
33000000	57000000	5129.916
34000000	57000000	6068.3633
35000000	57000000	4404.728
36000000	57000000	3894.7332
37000000	57000000	4123.236
38000000	57000000	5010.3315
39000000	57000000	6308.542
40000000	57000000	5919.865
41000000	57000000	6322.733
42000000	57000000	7283.031
43000000	57000000	7295.07
44000000	57000000	6721.7383
45000000	57000000	6955.1475
46000000	57000000	5334.896
47000000	57000000	7130.6733
48000000	57000000	9122.958
49000000	57000000	7204.232
50000000	57000000	8488.316
51000000	57000000	12803.521
52000000	57000000	13992.413
53000000	57000000	15366.648
54000000	57000000	20821.068
55000000	57000000	30780.13
56000000	57000000	85737.09
57000000	57000000	461343.9
0	58000000	2540.2368
1000000	58000000	3820.0164
2000000	58000000	2331.2837
3000000	58000000	1992.8654
4000000	58000000	1732.3379
5000000	58000000	3017.645
6000000	58000000	3075.7278
7000000	58000000	2975.3323
8000000	58000000	2370.637
9000000	58000000	1268.3816
10000000	58000000	1786.0978
11000000	58000000	2107.7034
12000000	58000000	1588.8793
13000000	58000000	1880.4789
14000000	58000000	2141.7568
15000000	58000000	1332.9154
18000000	58000000	2972.877
19000000	58000000	3677.8333
20000000	58000000	3008.0967
21000000	58000000	3158.9395
22000000	58000000	5656.447
23000000	58000000	4218.4126
24000000	58000000	4642.4907
25000000	58000000	5313.617
26000000	58000000	5785.6
27000000	58000000	6323.361
28000000	58000000	5920.0483
29000000	58000000	4243.8184
30000000	58000000	8102.2856
31000000	58000000	6631.809
32000000	58000000	5781.092
33000000	58000000	3328.9392
34000000	58000000	5450.2324
35000000	58000000	5686.006
36000000	58000000	4606.7397
37000000	58000000	6138.769
38000000	58000000	7295.4927
39000000	58000000	7062.1235
40000000	58000000	9197.744
41000000	58000000	9608.883
42000000	58000000	6200.631
43000000	58000000	5066.5435
44000000	58000000	5083.502
45000000	58000000	5492.424
46000000	58000000	3141.4033
47000000	58000000	4486.889
48000000	58000000	6820.0405
49000000	58000000	6750.3
50000000	58000000	13029.006
51000000	58000000	12393.644
52000000	58000000	12783.611
53000000	58000000	16841.408
54000000	58000000	14480.621
55000000	58000000	15361.353
56000000	58000000	19506.383
57000000	58000000	127905.46
58000000	58000000	447287.8
0	59000000	2939.1492
1000000	59000000	2577.2942
2000000	59000000	2473.7305
3000000	59000000	2472.5227
4000000	59000000	2059.8015
5000000	59000000	2568.9617
6000000	59000000	2600.6208
7000000	59000000	2528.176
8000000	59000000	2446.9612
9000000	59000000	2075.7488
10000000	59000000	2111.0676
11000000	59000000	2269.0303
12000000	59000000	2235.7544
13000000	59000000	2620.2756
14000000	59000000	1989.1294
15000000	59000000	883.0278
18000000	59000000	3176.9966
19000000	59000000	4221.3823
20000000	59000000	3940.9526
21000000	59000000	4601.4497
22000000	59000000	5268.8345
23000000	59000000	4948.557
24000000	59000000	4925.18
25000000	59000000	4241.623
26000000	59000000	4234.68
27000000	59000000	4561.078
28000000	59000000	4969.044
29000000	59000000	5681.393
30000000	59000000	6067.329
31000000	59000000	5680.6104
32000000	59000000	6058.1055
33000000	59000000	5327.8994
34000000	59000000	6979.8916
35000000	59000000	5402.0474
36000000	59000000	4722.41
37000000	59000000	4778.8647
38000000	59000000	5512.6323
39000000	59000000	6889.123
40000000	59000000	6511.043
41000000	59000000	7037.6367
42000000	59000000	7263.454
43000000	59000000	7162.065
44000000	59000000	6212.6973
45000000	59000000	6323.5864
46000000	59000000	4957.618
47000000	59000000	5871.354
48000000	59000000	8137.348
49000000	59000000	7149.34
50000000	59000000	8847.411
51000000	59000000	9705.19
52000000	59000000	10435.792
53000000	59000000	11450.247
54000000	59000000	13258.24
55000000	59000000	14654.411
56000000	59000000	17534.924
57000000	59000000	37173.87
58000000	59000000	89317.19
59000000	59000000	463236.38
0	60000000	2565.8381
1000000	60000000	928.713
2000000	60000000	2729.9438
3000000	60000000	2817.4807
4000000	60000000	2042.6722
5000000	60000000	1365.5302
6000000	60000000	1646.2992
7000000	60000000	1227.9502
8000000	60000000	1829.5323
9000000	60000000	2918.1309
10000000	60000000	2304.8079
11000000	60000000	2386.0112
12000000	60000000	3205.9573
13000000	60000000	2757.3132
14000000	60000000	1100.0194
15000000	60000000	397.55322
18000000	60000000	2230.149
19000000	60000000	3550.099
20000000	60000000	4616.3916
21000000	60000000	5993.9937
22000000	60000000	3395.455
23000000	60000000	5113.2334
24000000	60000000	4320.488
25000000	60000000	2258.6099
26000000	60000000	2253.9492
27000000	60000000	2198.4734
28000000	60000000	3619.4656
29000000	60000000	7013.215
30000000	60000000	3339.9705
31000000	60000000	4079.749
32000000	60000000	5414.349
33000000	60000000	7100.4473
34000000	60000000	5741.4155
35000000	60000000	2572.7922
36000000	60000000	3413.2847
37000000	60000000	2474.5862
38000000	60000000	3053.5828
39000000	60000000	5267.877
40000000	60000000	3403.4521
41000000	60000000	3067.4648
42000000	60000000	7154.329
43000000	60000000	8308.065
44000000	60000000	6068.172
45000000	60000000	5429.658
46000000	60000000	7755.0054
47000000	60000000	6925.162
48000000	60000000	7739.533
49000000	60000000	6334.288
50000000	60000000	3539.184
51000000	60000000	7405.754
52000000	60000000	7066.3594
53000000	60000000	5372.0957
54000000	60000000	10159.468
55000000	60000000	13147.785
56000000	60000000	18128.855
57000000	60000000	18577.988
58000000	60000000	15282.433
59000000	60000000	90169.93
60000000	60000000	569854.8
0	61000000	2633.818
1000000	61000000	2129.2207
2000000	61000000	2417.4045
3000000	61000000	2035.6176
4000000	61000000	1477.9886
5000000	61000000	1853.1471
6000000	61000000	1890.7847
7000000	61000000	1594.6732
8000000	61000000	1813.0603
9000000	61000000	1725.7673
10000000	61000000	1612.504
11000000	61000000	1769.4164
12000000	61000000	1923.6791
13000000	61000000	2054.3213
14000000	61000000	1639.1781
15000000	61000000	752.0731
18000000	61000000	2716.3765
19000000	61000000	3522.6084
20000000	61000000	3382.62
21000000	61000000	4143.819
22000000	61000000	4403.9707
23000000	61000000	4593.385
24000000	61000000	4754.679
25000000	61000000	3914.69
26000000	61000000	3949.9424
27000000	61000000	4372.4663
28000000	61000000	5193.0186
29000000	61000000	5876.189
30000000	61000000	5751.7656
31000000	61000000	5692.1157
32000000	61000000	6047.364
33000000	61000000	5099.296
34000000	61000000	5987.5845
35000000	61000000	4307.1274
36000000	61000000	4090.9146
37000000	61000000	4132.236
38000000	61000000	5176.473
39000000	61000000	6492.7124
40000000	61000000	6058.812
41000000	61000000	6110.132
42000000	61000000	6720.2124
43000000	61000000	6352.6543
44000000	61000000	4863.6157
45000000	61000000	4556.7104
46000000	61000000	4105.4595
47000000	61000000	4852.079
48000000	61000000	6823.909
49000000	61000000	6211.4053
50000000	61000000	6996.661
51000000	61000000	8590.178
52000000	61000000	8315.699
53000000	61000000	7999.0547
54000000	61000000	9240.696
55000000	61000000	9459.541
56000000	61000000	10276.763
57000000	61000000	16622.727
58000000	61000000	21126.766
59000000	61000000	42385.996
60000000	61000000	117941.35
61000000	61000000	443472.97
0	62000000	2236.7065
1000000	62000000	3475.8179
2000000	62000000	1950.4661
3000000	62000000	1364.8519
4000000	62000000	1350.5074
5000000	62000000	2031.6906
6000000	62000000	2015.8989
7000000	62000000	2244.358
8000000	62000000	1553.965
9000000	62000000	879.51624
10000000	62000000	1138.7527
11000000	62000000	1285.8214
12000000	62000000	1134.2695
13000000	62000000	1463.8992
14000000	62000000	2073.1035
15000000	62000000	1690.54
18000000	62000000	2587.4175
19000000	62000000	2904.2139
20000000	62000000	2308.936
21000000	62000000	2448.283
22000000	62000000	4339.569
23000000	62000000	3436.0889
24000000	62000000	4465.5103
25000000	62000000	5861.6704
26000000	62000000	6043.2573
27000000	62000000	6809.075
28000000	62000000	6163.3
29000000	62000000	4050.8
30000000	62000000	7612.461
31000000	62000000	6435.3584
32000000	62000000	5603.119
33000000	62000000	2808.7651
34000000	62000000	4784.0747
35000000	62000000	5370.8657
36000000	62000000	4664.548
37000000	62000000	6028.1226
38000000	62000000	7249.7656
39000000	62000000	6389.5747
40000000	62000000	8453.803
41000000	62000000	8846.853
42000000	62000000	5086.254
43000000	62000000	3793.442
44000000	62000000	3239.9663
45000000	62000000	3215.2544
46000000	62000000	2107.5586
47000000	62000000	2878.3298
48000000	62000000	4590.022
49000000	62000000	5519.3267
50000000	62000000	10244.987
51000000	62000000	8385.706
52000000	62000000	7661.541
53000000	62000000	9627.475
54000000	62000000	6941.6284
55000000	62000000	5849.209
56000000	62000000	5123.739
57000000	62000000	11663.57
58000000	62000000	23064.295
59000000	62000000	22807.78
60000000	62000000	15392.721
61000000	62000000	108417.77
62000000	62000000	477180.97
0	63000000	2236.687
1000000	63000000	3662.9946
2000000	63000000	1872.9326
3000000	63000000	1414.7
4000000	63000000	1442.8857
5000000	63000000	2137.3591
6000000	63000000	2045.9497
7000000	63000000	2243.3079
8000000	63000000	1488.5859
9000000	63000000	867.79236
10000000	63000000	1044.5796
11000000	63000000	1294.4329
12000000	63000000	1071.4451
13000000	63000000	1404.7386
14000000	63000000	1935.4977
15000000	63000000	1854.8092
18000000	63000000	2433.5674
19000000	63000000	2744.2446
20000000	63000000	2297.5125
21000000	63000000	2343.7214
22000000	63000000	3991.2798
23000000	63000000	3426.1304
24000000	63000000	4289.1772
25000000	63000000	5639.4756
26000000	63000000	6249.591
27000000	63000000	7294.602
28000000	63000000	6088.7246
29000000	63000000	4184.3447
30000000	63000000	7294.1177
31000000	63000000	6432.1387
32000000	63000000	5256.7163
33000000	63000000	3044.586
34000000	63000000	4618.092
35000000	63000000	5142.872
36000000	63000000	4692.921
37000000	63000000	6301.898
38000000	63000000	7344.3936
39000000	63000000	6085.481
40000000	63000000	7936.8677
41000000	63000000	8370.179
42000000	63000000	4992.139
43000000	63000000	3726.3225
44000000	63000000	3018.1624
45000000	63000000	3037.1008
46000000	63000000	2161.1133
47000000	63000000	2719.511
48000000	63000000	4375.837
49000000	63000000	5377.5703
50000000	63000000	9667.791
51000000	63000000	7897.547
52000000	63000000	7286.1235
53000000	63000000	8756.952
54000000	63000000	6460.689
55000000	63000000	5321.228
56000000	63000000	4777.793
57000000	63000000	10105.913
58000000	63000000	18129.73
59000000	63000000	16404.77
60000000	63000000	11625.215
61000000	63000000	40931.457
62000000	63000000	106566.49
63000000	63000000	478413.1
0	64000000	2020.4504
1000000	64000000	3260.9536
2000000	64000000	1838.6588
3000000	64000000	1420.9226
4000000	64000000	1254.2303
5000000	64000000	1931.8448
6000000	64000000	1852.6827
7000000	64000000	1864.4305
8000000	64000000	1375.0361
9000000	64000000	840.1572
10000000	64000000	929.77234
11000000	64000000	1209.4828
12000000	64000000	1017.00226
13000000	64000000	1382.6696
14000000	64000000	1685.2698
15000000	64000000	1297.526
18000000	64000000	2351.551
19000000	64000000	2448.273
20000000	64000000	2295.4429
21000000	64000000	2312.3188
22000000	64000000	3877.0303
23000000	64000000	3186.0457
24000000	64000000	4195.04
25000000	64000000	5056.7686
26000000	64000000	5722.934
27000000	64000000	7026.95
28000000	64000000	6126.804
29000000	64000000	4043.6936
30000000	64000000	7451.3633
31000000	64000000	6289.8223
32000000	64000000	5238.2334
33000000	64000000	2867.4302
34000000	64000000	4450.6685
35000000	64000000	4715.8164
36000000	64000000	4066.2622
37000000	64000000	5751.544
38000000	64000000	6864.0054
39000000	64000000	6124.3057
40000000	64000000	8259.176
41000000	64000000	8652.379
42000000	64000000	4813.5015
43000000	64000000	3761.9448
44000000	64000000	2775.158
45000000	64000000	2864.8398
46000000	64000000	2005.2205
47000000	64000000	2534.5908
48000000	64000000	4346.0195
49000000	64000000	4943.284
50000000	64000000	9314.349
51000000	64000000	7806.7334
52000000	64000000	7053.943
53000000	64000000	8142.446
54000000	64000000	5929.9756
55000000	64000000	4980.1553
56000000	64000000	4073.636
57000000	64000000	9068.993
58000000	64000000	15593.436
59000000	64000000	13063.1455
60000000	64000000	8763.316
61000000	64000000	25607.68
62000000	64000000	44588.81
63000000	64000000	113160.58
64000000	64000000	447097.5
0	65000000	2271.014
1000000	65000000	3126.122
2000000	65000000	1990.683
3000000	65000000	1344.2982
4000000	65000000	1177.3577
5000000	65000000	1897.1552
6000000	65000000	1737.7491
7000000	65000000	1939.2732
8000000	65000000	1439.5477
9000000	65000000	919.35956
10000000	65000000	1011.36975
11000000	65000000	1212.5201
12000000	65000000	1092.5449
13000000	65000000	1343.5753
14000000	65000000	1681.9938
15000000	65000000	1234.1968
18000000	65000000	2268.3472
19000000	65000000	2592.8135
20000000	65000000	2362.7783
21000000	65000000	2309.6938
22000000	65000000	3796.1448
23000000	65000000	3238.8687
24000000	65000000	3968.141
25000000	65000000	5040.4927
26000000	65000000	5411.437
27000000	65000000	6060.5654
28000000	65000000	5753.59
29000000	65000000	4007.0374
30000000	65000000	6940.4673
31000000	65000000	6031.4785
32000000	65000000	5021.5215
33000000	65000000	3043.019
34000000	65000000	4387.5347
35000000	65000000	4389.9355
36000000	65000000	3823.0632
37000000	65000000	4981.669
38000000	65000000	6337.2153
39000000	65000000	5759.907
40000000	65000000	7814.192
41000000	65000000	8137.7954
42000000	65000000	4912.7583
43000000	65000000	3708.17
44000000	65000000	2945.8416
45000000	65000000	2974.3748
46000000	65000000	2081.7014
47000000	65000000	2581.676
48000000	65000000	4134.895
49000000	65000000	4808.5444
50000000	65000000	8562.299
51000000	65000000	7248.1245
52000000	65000000	6423.8823
53000000	65000000	7636.1304
54000000	65000000	5719.3623
55000000	65000000	4664.748
56000000	65000000	4074.9885
57000000	65000000	7625.8096
58000000	65000000	12340.187
59000000	65000000	10182.099
60000000	65000000	6964.0483
61000000	65000000	13619.558
62000000	65000000	20719.523
63000000	65000000	28178.703
64000000	65000000	100728.01
65000000	65000000	497888.1
0	66000000	2149.4692
1000000	66000000	2784.8787
2000000	66000000	1962.1343
3000000	66000000	1312.7634
4000000	66000000	1152.3678
5000000	66000000	1634.5515
6000000	66000000	1650.9878
7000000	66000000	1434.2681
8000000	66000000	1236.4463
9000000	66000000	900.90936
10000000	66000000	1009.7782
11000000	66000000	1187.5164
12000000	66000000	1056.8795
13000000	66000000	1320.428
14000000	66000000	1493.7761
15000000	66000000	954.28265
18000000	66000000	2189.244
19000000	66000000	2517.645
20000000	66000000	2459.7144
21000000	66000000	2443.7744
22000000	66000000	3680.9758
23000000	66000000	3251.4185
24000000	66000000	3864.0427
25000000	66000000	4440.266
26000000	66000000	4784.515
27000000	66000000	5549.928
28000000	66000000	5553.3413
29000000	66000000	4208.136
30000000	66000000	6598.3105
31000000	66000000	5630.964
32000000	66000000	4998.7256
33000000	66000000	3084.5137
34000000	66000000	4231.504
35000000	66000000	3941.5847
36000000	66000000	3773.4287
37000000	66000000	4493.6855
38000000	66000000	5960.5034
39000000	66000000	5832.059
40000000	66000000	7171.2305
41000000	66000000	7423.81
42000000	66000000	4895.3706
43000000	66000000	3899.869
44000000	66000000	2823.2634
45000000	66000000	2650.8398
46000000	66000000	2207.456
47000000	66000000	2688.4724
48000000	66000000	4284.071
49000000	66000000	4665.182
50000000	66000000	7907.4517
51000000	66000000	7090.3647
52000000	66000000	6169.37
53000000	66000000	6877.951
54000000	66000000	5395.619
55000000	66000000	4470.6553
56000000	66000000	3951.5835
57000000	66000000	7197.7153
58000000	66000000	10725.14
59000000	66000000	9086.435
60000000	66000000	6600.043
61000000	66000000	12326.17
62000000	66000000	16131.806
63000000	66000000	20535.02
64000000	66000000	58051.84
65000000	66000000	125762.2
66000000	66000000	447058.62
0	67000000	2525.4614
1000000	67000000	2089.9438
2000000	67000000	2468.1494
3000000	67000000	2022.7189
4000000	67000000	1695.3154
5000000	67000000	1484.0116
6000000	67000000	1616.0034
7000000	67000000	1262.526
8000000	67000000	1433.8285
9000000	67000000	1612.8052
10000000	67000000	1356.4371
11000000	67000000	1515.6521
12000000	67000000	1695.9103
13000000	67000000	1852.4987
14000000	67000000	1513.5155
15000000	67000000	778.1794
18000000	67000000	2497.2646
19000000	67000000	3032.8804
20000000	67000000	3245.9988
21000000	67000000	3540.0825
22000000	67000000	3248.1616
23000000	67000000	4075.775
24000000	67000000	4200.7744
25000000	67000000	3516.6663
26000000	67000000	3798.374
27000000	67000000	4012.6016
28000000	67000000	4808.288
29000000	67000000	5577.8877
30000000	67000000	4911.9224
31000000	67000000	5278.538
32000000	67000000	5496.9683
33000000	67000000	4866.512
34000000	67000000	5206.858
35000000	67000000	3399.301
36000000	67000000	4250.776
37000000	67000000	3776.4744
38000000	67000000	4627.8115
39000000	67000000	5679.924
40000000	67000000	5467.452
41000000	67000000	5363.707
42000000	67000000	5949.002
43000000	67000000	5017.818
44000000	67000000	3541.219
45000000	67000000	3005.5637
46000000	67000000	3807.8188
47000000	67000000	3855.664
48000000	67000000	5483.793
49000000	67000000	5799.8555
50000000	67000000	5633.74
51000000	67000000	7339.3076
52000000	67000000	6334.932
53000000	67000000	5670.144
54000000	67000000	6173.1646
55000000	67000000	5640.501
56000000	67000000	6092.7817
57000000	67000000	7580.734
58000000	67000000	7470.495
59000000	67000000	8447.103
60000000	67000000	9505.465
61000000	67000000	10802.553
62000000	67000000	10070.298
63000000	67000000	12485.953
64000000	67000000	21872.77
65000000	67000000	31307.398
66000000	67000000	116337.57
67000000	67000000	509711.8
0	68000000	2157.3936
1000000	68000000	3132.0032
2000000	68000000	1678.5853
3000000	68000000	1256.8848
4000000	68000000	1260.63
5000000	68000000	1692.9631
6000000	68000000	1751.5896
7000000	68000000	2219.07
8000000	68000000	1390.823
9000000	68000000	870.9482
10000000	68000000	950.4292
11000000	68000000	1056.354
12000000	68000000	1007.00287
13000000	68000000	1515.6501
14000000	68000000	2713.2932
15000000	68000000	2212.7273
18000000	68000000	2704.3035
19000000	68000000	2689.1677
20000000	68000000	2208.333
21000000	68000000	2166.7715
22000000	68000000	3490.7178
23000000	68000000	3014.4333
24000000	68000000	3783.0916
25000000	68000000	5308.013
26000000	68000000	5697.285
27000000	68000000	5585.6045
28000000	68000000	4753.56
29000000	68000000	3302.5369
30000000	68000000	5405.2925
31000000	68000000	5218.513
32000000	68000000	4632.408
33000000	68000000	2793.5674
34000000	68000000	4604.6655
35000000	68000000	5877.3696
36000000	68000000	5669.1577
37000000	68000000	6228.5713
38000000	68000000	6095.288
39000000	68000000	5356.7227
40000000	68000000	6363.572
41000000	68000000	6508.042
42000000	68000000	4132.3926
43000000	68000000	3447.828
44000000	68000000	2834.5605
45000000	68000000	2733.719
46000000	68000000	1784.0128
47000000	68000000	2586.9333
48000000	68000000	4322.33
49000000	68000000	5453.4336
50000000	68000000	8111.389
51000000	68000000	6529.3667
52000000	68000000	5658.367
53000000	68000000	7047.0215
54000000	68000000	5135.6343
55000000	68000000	4022.613
56000000	68000000	3199.7473
57000000	68000000	5586.4443
58000000	68000000	8297.06
59000000	68000000	7091.9893
60000000	68000000	4153.9307
61000000	68000000	7696.115
62000000	68000000	11103.657
63000000	68000000	12486.069
64000000	68000000	17576.426
65000000	68000000	21935.916
66000000	68000000	46267.484
67000000	68000000	101569.98
68000000	68000000	421545.97
0	69000000	1887.4535
1000000	69000000	3547.9268
2000000	69000000	1485.8027
3000000	69000000	1078.6458
4000000	69000000	1489.9528
5000000	69000000	1647.0121
6000000	69000000	1668.639
7000000	69000000	2428.4375
8000000	69000000	1248.9222
9000000	69000000	724.7455
10000000	69000000	819.0576
11000000	69000000	863.56714
12000000	69000000	843.8809
13000000	69000000	1319.212
14000000	69000000	2891.2332
15000000	69000000	3417.131
18000000	69000000	2400.8242
19000000	69000000	2351.4756
20000000	69000000	1832.1927
21000000	69000000	1579.4742
22000000	69000000	3167.385
23000000	69000000	2482.4326
24000000	69000000	3241.5781
25000000	69000000	5477.4824
26000000	69000000	6064.8784
27000000	69000000	5865.2095
28000000	69000000	4323.8813
29000000	69000000	2601.26
30000000	69000000	4993.155
31000000	69000000	4898.343
32000000	69000000	3918.8728
33000000	69000000	2306.5151
34000000	69000000	3857.684
35000000	69000000	6213.424
36000000	69000000	6010.0312
37000000	69000000	6880.307
38000000	69000000	6199.6245
39000000	69000000	4507.6177
40000000	69000000	5824.9097
41000000	69000000	6113.212
42000000	69000000	3180.6262
43000000	69000000	2569.6094
44000000	69000000	2370.309
45000000	69000000	2336.2788
46000000	69000000	1407.8547
47000000	69000000	1978.5255
48000000	69000000	3465.116
49000000	69000000	5318.476
50000000	69000000	7873.268
51000000	69000000	5720.4614
52000000	69000000	5053.4297
53000000	69000000	6808.4233
54000000	69000000	4389.0327
55000000	69000000	3241.5693
56000000	69000000	2484.276
57000000	69000000	4754.692
58000000	69000000	7183.518
59000000	69000000	5768.7485
60000000	69000000	2986.028
61000000	69000000	5969.6963
62000000	69000000	9545.571
63000000	69000000	11065.856
64000000	69000000	12814.044
65000000	69000000	14252.053
66000000	69000000	18553.355
67000000	69000000	21520.062
68000000	69000000	127381.22
69000000	69000000	501456.22
0	70000000	2226.76
1000000	70000000	2934.149
2000000	70000000	1742.8562
3000000	70000000	1417.4208
4000000	70000000	1773.2456
5000000	70000000	1716.0007
6000000	70000000	1762.0648
7000000	70000000	2035.4641
8000000	70000000	1432.0698
9000000	70000000	920.22833
10000000	70000000	962.07166
11000000	70000000	1193.1544
12000000	70000000	1078.9941
13000000	70000000	1498.9769
14000000	70000000	2326.984
15000000	70000000	1937.3112
18000000	70000000	2814.7214
19000000	70000000	2623.1575
20000000	70000000	2243.1096
21000000	70000000	2203.4233
22000000	70000000	3194.1816
23000000	70000000	3008.2087
24000000	70000000	3595.7163
25000000	70000000	4896.288
26000000	70000000	5047.7607
27000000	70000000	5092.7646
28000000	70000000	4475.424
29000000	70000000	3405.2576
30000000	70000000	4893.595
31000000	70000000	4977.499
32000000	70000000	4445.7593
33000000	70000000	3189.4805
34000000	70000000	4542.459
35000000	70000000	5373.01
36000000	70000000	5468.87
37000000	70000000	5841.4893
38000000	70000000	5591.2197
39000000	70000000	5011.551
40000000	70000000	5640.771
41000000	70000000	5669.358
42000000	70000000	3953.4346
43000000	70000000	3326.1929
44000000	70000000	2747.936
45000000	70000000	2666.2078
46000000	70000000	1916.9669
47000000	70000000	2494.028
48000000	70000000	4187.82
49000000	70000000	5448.029
50000000	70000000	7061.659
51000000	70000000	5880.941
52000000	70000000	5200.988
53000000	70000000	6198.22
54000000	70000000	4666.289
55000000	70000000	3773.6472
56000000	70000000	3239.163
57000000	70000000	4889.9663
58000000	70000000	6789.24
59000000	70000000	6231.5283
60000000	70000000	4380.6577
61000000	70000000	6509.737
62000000	70000000	8700.381
63000000	70000000	9721.959
64000000	70000000	10922.717
65000000	70000000	12098.632
66000000	70000000	15423.314
67000000	70000000	20010.658
68000000	70000000	61968.805
69000000	70000000	112225.63
70000000	70000000	453886.53
0	71000000	2872.652
1000000	71000000	2961.7139
2000000	71000000	1994.3068
3000000	71000000	1609.6731
4000000	71000000	1384.5984
5000000	71000000	2003.9059
6000000	71000000	2148.8784
7000000	71000000	2208.8748
8000000	71000000	1818.187
9000000	71000000	1215.0288
10000000	71000000	1299.6309
11000000	71000000	1472.957
12000000	71000000	1555.4241
13000000	71000000	2130.202
14000000	71000000	2480.75
15000000	71000000	1673.9478
18000000	71000000	3246.3909
19000000	71000000	3420.3557
20000000	71000000	2872.0564
21000000	71000000	3033.3274
22000000	71000000	4185.6426
23000000	71000000	3586.917
24000000	71000000	3980.816
25000000	71000000	4433.2017
26000000	71000000	4381.0273
27000000	71000000	4666.5957
28000000	71000000	4371.1147
29000000	71000000	3846.744
30000000	71000000	5107.934
31000000	71000000	4737.567
32000000	71000000	4742.467
33000000	71000000	3584.7703
34000000	71000000	5416.437
35000000	71000000	5465.3657
36000000	71000000	4484.499
37000000	71000000	4949.2407
38000000	71000000	5401.4175
39000000	71000000	5486.4883
40000000	71000000	5888.3784
41000000	71000000	6147.766
42000000	71000000	4712.868
43000000	71000000	4683.162
44000000	71000000	3769.0085
45000000	71000000	3819.6904
46000000	71000000	2678.218
47000000	71000000	3448.443
48000000	71000000	5161.763
49000000	71000000	4773.0166
50000000	71000000	6967.7725
51000000	71000000	6133.906
52000000	71000000	5359.9863
53000000	71000000	6370.2886
54000000	71000000	5459.0786
55000000	71000000	4716.283
56000000	71000000	4130.0
57000000	71000000	5943.1035
58000000	71000000	7274.8228
59000000	71000000	7312.7026
60000000	71000000	5020.1074
61000000	71000000	7423.551
62000000	71000000	8337.624
63000000	71000000	8977.279
64000000	71000000	10068.784
65000000	71000000	11298.537
66000000	71000000	13187.6045
67000000	71000000	15400.919
68000000	71000000	30614.557
69000000	71000000	36156.91
70000000	71000000	131492.78
71000000	71000000	434473.44
0	72000000	3368.5952
1000000	72000000	1705.4019
2000000	72000000	2570.0894
3000000	72000000	2660.4976
4000000	72000000	1981.2887
5000000	72000000	1869.0098
6000000	72000000	2098.369
7000000	72000000	1727.3429
8000000	72000000	2196.278
9000000	72000000	2274.2275
10000000	72000000	2030.784
11000000	72000000	2299.4377
12000000	72000000	2639.5554
13000000	72000000	3199.8772
14000000	72000000	1881.467
15000000	72000000	811.29083
18000000	72000000	3331.57
19000000	72000000	4264.319
20000000	72000000	4250.428
21000000	72000000	4669.3975
22000000	72000000	3810.785
23000000	72000000	4310.685
24000000	72000000	4034.1562
25000000	72000000	2829.0923
26000000	72000000	2736.1162
27000000	72000000	2698.3372
28000000	72000000	3393.262
29000000	72000000	4998.461
30000000	72000000	3499.5596
31000000	72000000	3702.807
32000000	72000000	4742.203
33000000	72000000	5466.473
34000000	72000000	5881.4653
35000000	72000000	3544.5166
36000000	72000000	3405.5015
37000000	72000000	2977.6255
38000000	72000000	3443.972
39000000	72000000	5151.899
40000000	72000000	3925.018
41000000	72000000	3872.165
42000000	72000000	5821.841
43000000	72000000	6528.313
44000000	72000000	5279.5522
45000000	72000000	4905.5503
46000000	72000000	5185.7124
47000000	72000000	5236.6025
48000000	72000000	6341.1274
49000000	72000000	4652.3325
50000000	72000000	4126.011
51000000	72000000	5480.7095
52000000	72000000	4943.6655
53000000	72000000	4227.14
54000000	72000000	6225.506
55000000	72000000	6321.544
56000000	72000000	6482.693
57000000	72000000	6113.5015
58000000	72000000	4860.067
59000000	72000000	7183.3247
60000000	72000000	8228.261
61000000	72000000	7448.2266
62000000	72000000	5158.81
63000000	72000000	5830.8867
64000000	72000000	6145.038
65000000	72000000	6921.74
66000000	72000000	8100.7236
67000000	72000000	13043.219
68000000	72000000	12841.631
69000000	72000000	12938.364
70000000	72000000	25926.406
71000000	72000000	104720.484
72000000	72000000	482510.78
0	73000000	2902.3997
1000000	73000000	3378.029
2000000	73000000	1933.5046
3000000	73000000	1537.3246
4000000	73000000	1319.4124
5000000	73000000	2421.6316
6000000	73000000	2566.647
7000000	73000000	3043.9575
8000000	73000000	2490.9802
9000000	73000000	1383.6473
10000000	73000000	1712.906
11000000	73000000	1884.8856
12000000	73000000	1704.2612
13000000	73000000	2574.182
14000000	73000000	2908.7217
15000000	73000000	1936.5012
18000000	73000000	3518.9458
19000000	73000000	4201.6885
20000000	73000000	3310.6265
21000000	73000000	3172.6904
22000000	73000000	5304.133
23000000	73000000	3746.0193
24000000	73000000	3780.9917
25000000	73000000	4469.751
26000000	73000000	4460.3833
27000000	73000000	4401.6436
28000000	73000000	3862.5806
29000000	73000000	3147.9407
30000000	73000000	5026.4556
31000000	73000000	4178.6333
32000000	73000000	4084.4045
33000000	73000000	2954.5947
34000000	73000000	5254.2446
35000000	73000000	5852.931
36000000	73000000	4088.1262
37000000	73000000	5041.5166
38000000	73000000	5340.8525
39000000	73000000	5139.326
40000000	73000000	5865.731
41000000	73000000	6008.486
42000000	73000000	4244.4185
43000000	73000000	4795.079
44000000	73000000	4963.3022
45000000	73000000	5136.29
46000000	73000000	2829.999
47000000	73000000	3984.7559
48000000	73000000	5299.523
49000000	73000000	4418.923
50000000	73000000	6740.87
51000000	73000000	5556.0586
52000000	73000000	4816.7583
53000000	73000000	6049.6367
54000000	73000000	5122.418
55000000	73000000	4553.206
56000000	73000000	3601.5085
57000000	73000000	5865.835
58000000	73000000	7304.479
59000000	73000000	6711.673
60000000	73000000	3626.636
61000000	73000000	6132.183
62000000	73000000	7859.515
63000000	73000000	7929.1055
64000000	73000000	8753.179
65000000	73000000	9064.368
66000000	73000000	9060.408
67000000	73000000	8430.115
68000000	73000000	16532.617
69000000	73000000	19120.852
70000000	73000000	24114.236
71000000	73000000	45814.426
72000000	73000000	135482.66
73000000	73000000	457027.97
0	74000000	4593.081
1000000	74000000	2372.263
2000000	74000000	3056.2417
3000000	74000000	2532.783
4000000	74000000	1688.7197
5000000	74000000	2068.365
6000000	74000000	2341.245
7000000	74000000	2104.0784
8000000	74000000	2663.143
9000000	74000000	2516.752
10000000	74000000	2114.0835
11000000	74000000	2379.3193
12000000	74000000	3102.1897
13000000	74000000	4315.3594
14000000	74000000	3067.3308
15000000	74000000	1204.6318
18000000	74000000	4984.049
19000000	74000000	5738.568
20000000	74000000	5019.789
21000000	74000000	4981.8823
22000000	74000000	4187.774
23000000	74000000	4657.342
24000000	74000000	4275.803
25000000	74000000	3340.5059
26000000	74000000	3136.1655
27000000	74000000	3107.249
28000000	74000000	3872.446
29000000	74000000	5329.293
30000000	74000000	3872.701
31000000	74000000	3846.9304
32000000	74000000	4757.226
33000000	74000000	5067.3193
34000000	74000000	5751.834
35000000	74000000	4254.513
36000000	74000000	4177.108
37000000	74000000	3526.5107
38000000	74000000	3884.2527
39000000	74000000	5528.671
40000000	74000000	4285.014
41000000	74000000	3930.4463
42000000	74000000	5450.69
43000000	74000000	6470.3667
44000000	74000000	5169.2847
45000000	74000000	4826.667
46000000	74000000	4662.168
47000000	74000000	5340.5405
48000000	74000000	6618.04
49000000	74000000	5263.7314
50000000	74000000	4470.1426
51000000	74000000	6177.446
52000000	74000000	5439.023
53000000	74000000	4832.619
54000000	74000000	6026.326
55000000	74000000	6018.332
56000000	74000000	6222.4385
57000000	74000000	6730.7754
58000000	74000000	5101.6787
59000000	74000000	6805.753
60000000	74000000	6966.897
61000000	74000000	6918.7246
62000000	74000000	5271.4277
63000000	74000000	5719.762
64000000	74000000	5873.366
65000000	74000000	6582.3516
66000000	74000000	7306.8286
67000000	74000000	10474.319
68000000	74000000	10765.237
69000000	74000000	10063.772
70000000	74000000	15356.582
71000000	74000000	25976.955
72000000	74000000	56228.812
73000000	74000000	95026.09
74000000	74000000	486100.06
0	75000000	3654.013
1000000	75000000	4768.9062
2000000	75000000	1840.4058
3000000	75000000	1163.0281
4000000	75000000	1534.7863
5000000	75000000	2175.8591
6000000	75000000	2506.2249
7000000	75000000	3887.2104
8000000	75000000	2290.4243
9000000	75000000	1013.5279
10000000	75000000	1238.2506
11000000	75000000	1552.9589
12000000	75000000	1545.1761
13000000	75000000	3006.2615
14000000	75000000	5899.7534
15000000	75000000	6555.783
18000000	75000000	5261.9673
19000000	75000000	4348.322
20000000	75000000	2687.1387
21000000	75000000	2195.4072
22000000	75000000	4141.232
23000000	75000000	2836.9316
24000000	75000000	3329.5537
25000000	75000000	5203.4575
26000000	75000000	5235.0103
27000000	75000000	4684.9
28000000	75000000	3557.3606
29000000	75000000	2345.7205
30000000	75000000	4103.8726
31000000	75000000	3730.987
32000000	75000000	3361.6274
33000000	75000000	2121.9304
34000000	75000000	4159.872
35000000	75000000	7662.882
36000000	75000000	5924.858
37000000	75000000	6516.9487
38000000	75000000	5220.1157
39000000	75000000	4437.7026
40000000	75000000	4815.757
41000000	75000000	4857.5444
42000000	75000000	2945.1113
43000000	75000000	3025.0615
44000000	75000000	3387.0527
45000000	75000000	3348.1404
46000000	75000000	1596.4938
47000000	75000000	2677.0483
48000000	75000000	4132.613
49000000	75000000	4606.5396
50000000	75000000	6774.4565
51000000	75000000	4537.6226
52000000	75000000	3846.3342
53000000	75000000	5830.979
54000000	75000000	4078.5784
55000000	75000000	3177.4607
56000000	75000000	2322.2676
57000000	75000000	4143.8057
58000000	75000000	5735.614
59000000	75000000	4763.4053
60000000	75000000	2083.4414
61000000	75000000	4181.5146
62000000	75000000	6672.1987
63000000	75000000	6969.071
64000000	75000000	6867.7383
65000000	75000000	7085.683
66000000	75000000	6706.3447
67000000	75000000	5896.5527
68000000	75000000	15793.043
69000000	75000000	19569.295
70000000	75000000	18209.014
71000000	75000000	19279.076
72000000	75000000	14390.027
73000000	75000000	40793.535
74000000	75000000	92140.2
75000000	75000000	476778.44
0	76000000	4845.5996
1000000	76000000	4019.902
2000000	76000000	1887.2533
3000000	76000000	1479.7292
4000000	76000000	1769.197
5000000	76000000	2032.6687
6000000	76000000	2381.0889
7000000	76000000	3839.7925
8000000	76000000	2376.0684
9000000	76000000	1521.0865
10000000	76000000	1482.3661
11000000	76000000	1618.3906
12000000	76000000	1833.5726
13000000	76000000	3782.191
14000000	76000000	7014.668
15000000	76000000	7180.196
18000000	76000000	5933.37
19000000	76000000	4442.5444
20000000	76000000	2832.947
21000000	76000000	2341.5276
22000000	76000000	3346.9524
23000000	76000000	2899.1316
24000000	76000000	3018.12
25000000	76000000	4251.8574
26000000	76000000	4210.1753
27000000	76000000	3401.5105
28000000	76000000	2796.0876
29000000	76000000	2525.461
30000000	76000000	2897.2185
31000000	76000000	2922.1707
32000000	76000000	3239.352
33000000	76000000	2678.6978
34000000	76000000	4388.5073
35000000	76000000	6911.709
36000000	76000000	5912.104
37000000	76000000	5417.3066
38000000	76000000	3911.5776
39000000	76000000	3472.4875
40000000	76000000	3315.494
41000000	76000000	3346.9116
42000000	76000000	2814.23
43000000	76000000	3457.757
44000000	76000000	3358.4434
45000000	76000000	3316.752
46000000	76000000	2002.4353
47000000	76000000	2977.378
48000000	76000000	4318.4214
49000000	76000000	4612.0566
50000000	76000000	4999.5903
51000000	76000000	3690.029
52000000	76000000	3345.223
53000000	76000000	4500.7856
54000000	76000000	4023.4656
55000000	76000000	3492.014
56000000	76000000	2694.5337
57000000	76000000	3673.1948
58000000	76000000	3990.8716
59000000	76000000	4345.7905
60000000	76000000	2681.2656
61000000	76000000	3938.7915
62000000	76000000	4672.448
63000000	76000000	4970.525
64000000	76000000	4592.0835
65000000	76000000	4897.3164
66000000	76000000	4716.161
67000000	76000000	5417.494
68000000	76000000	12832.936
69000000	76000000	15688.786
70000000	76000000	13942.723
71000000	76000000	14041.839
72000000	76000000	12143.161
73000000	76000000	22319.23
74000000	76000000	33712.285
75000000	76000000	160214.23
76000000	76000000	525212.4
0	77000000	10446.252
1000000	77000000	2599.8293
2000000	77000000	3396.7476
3000000	77000000	2660.062
4000000	77000000	2037.985
5000000	77000000	2026.7958
6000000	77000000	2233.017
7000000	77000000	2373.308
8000000	77000000	2803.0059
9000000	77000000	3267.6648
10000000	77000000	2372.7605
11000000	77000000	2506.3665
12000000	77000000	3833.5266
13000000	77000000	5764.5312
14000000	77000000	3951.3906
15000000	77000000	2588.251
18000000	77000000	5847.3867
19000000	77000000	5326.3955
20000000	77000000	4371.639
21000000	77000000	4258.507
22000000	77000000	3023.2812
23000000	77000000	3627.891
24000000	77000000	3323.2053
25000000	77000000	2532.484
26000000	77000000	2490.4307
27000000	77000000	2158.6282
28000000	77000000	2602.093
29000000	77000000	3973.096
30000000	77000000	2412.7449
31000000	77000000	2824.3284
32000000	77000000	3915.105
33000000	77000000	4796.3926
34000000	77000000	4841.308
35000000	77000000	3432.175
36000000	77000000	4027.4187
37000000	77000000	2867.0344
38000000	77000000	2616.3835
39000000	77000000	3514.4644
40000000	77000000	2398.786
41000000	77000000	2365.996
42000000	77000000	3764.4314
43000000	77000000	5380.9277
44000000	77000000	4688.164
45000000	77000000	4379.8325
46000000	77000000	4347.529
47000000	77000000	5307.4326
48000000	77000000	5771.246
49000000	77000000	4382.0703
50000000	77000000	3073.119
51000000	77000000	4007.9226
52000000	77000000	3636.8765
53000000	77000000	3350.1555
54000000	77000000	4689.2837
55000000	77000000	5215.2866
56000000	77000000	5428.8433
57000000	77000000	4384.387
58000000	77000000	3090.2217
59000000	77000000	4726.4316
60000000	77000000	5416.0737
61000000	77000000	4615.6943
62000000	77000000	3436.637
63000000	77000000	3548.787
64000000	77000000	3619.1301
65000000	77000000	3987.3315
66000000	77000000	4312.988
67000000	77000000	6621.2183
68000000	77000000	6827.5195
69000000	77000000	6654.4517
70000000	77000000	8309.066
71000000	77000000	10262.196
72000000	77000000	14438.946
73000000	77000000	12674.882
74000000	77000000	30646.488
75000000	77000000	38933.266
76000000	77000000	104775.47
77000000	77000000	523874.12
0	78000000	5110.66
1000000	78000000	728.96765
2000000	78000000	1028.2528
3000000	78000000	723.4696
4000000	78000000	610.5638
5000000	78000000	619.84454
6000000	78000000	541.3869
7000000	78000000	696.2773
8000000	78000000	944.20306
9000000	78000000	921.8137
10000000	78000000	765.17804
11000000	78000000	806.5726
12000000	78000000	1119.3235
13000000	78000000	1601.3932
14000000	78000000	729.4547
15000000	78000000	301.89352
18000000	78000000	1348.3439
19000000	78000000	1426.084
20000000	78000000	1266.0977
21000000	78000000	1039.2386
22000000	78000000	887.66846
23000000	78000000	892.46814
24000000	78000000	907.3338
25000000	78000000	811.24384
26000000	78000000	501.703
27000000	78000000	562.6564
28000000	78000000	709.4514
29000000	78000000	1254.4539
30000000	78000000	711.13293
31000000	78000000	914.0435
32000000	78000000	876.6867
33000000	78000000	1405.6174
34000000	78000000	1156.6682
35000000	78000000	787.20374
36000000	78000000	877.9166
37000000	78000000	617.9116
38000000	78000000	760.7042
39000000	78000000	906.5902
40000000	78000000	763.9611
41000000	78000000	520.32166
42000000	78000000	1050.5708
43000000	78000000	1546.581
44000000	78000000	1198.559
45000000	78000000	1021.24756
46000000	78000000	1333.6172
47000000	78000000	1649.4318
48000000	78000000	1536.6357
49000000	78000000	1185.3583
50000000	78000000	829.3189
51000000	78000000	1137.5443
52000000	78000000	962.76544
53000000	78000000	865.9707
54000000	78000000	1178.3002
55000000	78000000	1487.0818
56000000	78000000	1918.4675
57000000	78000000	1294.9219
58000000	78000000	999.368
59000000	78000000	1311.8365
60000000	78000000	1610.8748
61000000	78000000	1534.7703
62000000	78000000	899.32764
63000000	78000000	1228.289
64000000	78000000	1352.373
65000000	78000000	1268.1967
66000000	78000000	1331.5907
67000000	78000000	1955.6893
68000000	78000000	1890.3654
69000000	78000000	1741.9467
70000000	78000000	2006.7948
71000000	78000000	2553.152
72000000	78000000	3414.9126
73000000	78000000	2413.077
74000000	78000000	5692.44
75000000	78000000	5216.6953
76000000	78000000	10222.525
77000000	78000000	155094.48
78000000	78000000	902991.75
