0	0	862710.8
0	1000000	159842.61
1000000	1000000	752323.5
0	2000000	57342.125
1000000	2000000	189935.25
2000000	2000000	732356.6
0	3000000	30652.55
1000000	3000000	42562.4
2000000	3000000	146102.4
3000000	3000000	762388.5
0	4000000	21545.863
1000000	4000000	24989.451
2000000	4000000	37190.73
3000000	4000000	152527.47
4000000	4000000	700278.6
0	5000000	15842.58
1000000	5000000	17086.307
2000000	5000000	20176.598
3000000	5000000	38817.332
4000000	5000000	163476.42
5000000	5000000	732847.8
0	6000000	9943.701
1000000	6000000	9626.447
2000000	6000000	10181.921
3000000	6000000	13112.599
4000000	6000000	30997.35
5000000	6000000	107968.74
6000000	6000000	642269.75
0	7000000	7805.8613
1000000	7000000	7083.455
2000000	7000000	7654.3994
3000000	7000000	8627.495
4000000	7000000	18544.416
5000000	7000000	32473.564
6000000	7000000	216254.17
7000000	7000000	643441.3
0	8000000	7927.4023
1000000	8000000	7211.7866
2000000	8000000	7405.9966
3000000	8000000	8552.656
4000000	8000000	17145.111
5000000	8000000	27527.916
6000000	8000000	66954.36
7000000	8000000	148107.66
8000000	8000000	670989.7
0	9000000	7038.1963
1000000	9000000	6101.1455
2000000	9000000	6235.7275
3000000	9000000	6479.8926
4000000	9000000	12395.083
5000000	9000000	15940.092
6000000	9000000	32470.861
7000000	9000000	48487.266
8000000	9000000	131470.62
9000000	9000000	622237.44
0	10000000	6713.509
1000000	10000000	6227.2725
2000000	10000000	5896.5635
3000000	10000000	6909.253
4000000	10000000	10979.467
5000000	10000000	15612.615
6000000	10000000	21900.363
7000000	10000000	24371.736
8000000	10000000	40307.06
9000000	10000000	153365.98
10000000	10000000	599801.5
0	11000000	5468.8833
1000000	11000000	5089.831
2000000	11000000	4554.479
3000000	11000000	5293.8325
4000000	11000000	8098.9355
5000000	11000000	10813.468
6000000	11000000	20674.096
7000000	11000000	23969.75
8000000	11000000	30166.451
9000000	11000000	72776.14
10000000	11000000	235917.44
11000000	11000000	598850.3
0	12000000	4825.168
1000000	12000000	3830.698
2000000	12000000	3696.7253
3000000	12000000	3362.608
4000000	12000000	6837.085
5000000	12000000	6744.4414
6000000	12000000	19659.77
7000000	12000000	28142.0
8000000	12000000	28226.775
9000000	12000000	52749.508
10000000	12000000	51909.53
11000000	12000000	152123.62
12000000	12000000	658167.06
0	13000000	6680.6255
1000000	13000000	5794.439
2000000	13000000	5603.2373
3000000	13000000	6721.1836
4000000	13000000	9924.601
5000000	13000000	13011.465
6000000	13000000	18791.994
7000000	13000000	19702.414
8000000	13000000	24601.807
9000000	13000000	33901.09
10000000	13000000	40095.688
11000000	13000000	50445.59
12000000	13000000	125774.31
13000000	13000000	648650.4
0	14000000	5088.5615
1000000	14000000	4679.346
2000000	14000000	4478.779
3000000	14000000	5199.3027
4000000	14000000	7483.4316
5000000	14000000	8674.239
6000000	14000000	14050.54
7000000	14000000	14753.541
8000000	14000000	16346.565
9000000	14000000	18558.09
10000000	14000000	17891.81
11000000	14000000	20755.1
12000000	14000000	32815.55
13000000	14000000	89088.195
14000000	14000000	646402.8
0	15000000	4730.5566
1000000	15000000	4663.2827
2000000	15000000	4301.0107
3000000	15000000	4975.521
4000000	15000000	7290.232
5000000	15000000	8451.702
6000000	15000000	11161.076
7000000	15000000	12333.689
8000000	15000000	14008.821
9000000	15000000	15495.71
10000000	15000000	14554.736
11000000	15000000	15604.747
12000000	15000000	22803.771
13000000	15000000	47074.34
14000000	15000000	239685.02
15000000	15000000	585301.56
0	16000000	5569.985
1000000	16000000	5141.263
2000000	16000000	4777.937
3000000	16000000	5273.8184
4000000	16000000	8430.776
5000000	16000000	8954.557
6000000	16000000	13077.382
7000000	16000000	13499.343
8000000	16000000	15244.847
9000000	16000000	16971.955
10000000	16000000	14746.27
11000000	16000000	16002.842
12000000	16000000	24377.33
13000000	16000000	43425.453
14000000	16000000	88520.44
15000000	16000000	207603.5
16000000	16000000	578029.9
0	17000000	7043.025
1000000	17000000	6346.1533
2000000	17000000	6489.8
3000000	17000000	7253.201
4000000	17000000	9600.231
5000000	17000000	10955.197
6000000	17000000	11604.835
7000000	17000000	10944.555
8000000	17000000	12509.939
9000000	17000000	13994.039
10000000	17000000	12566.653
11000000	17000000	11368.583
12000000	17000000	16581.719
13000000	17000000	26833.527
14000000	17000000	29366.438
15000000	17000000	37154.39
16000000	17000000	108528.26
17000000	17000000	649390.6
0	18000000	7712.5454
1000000	18000000	7313.8203
2000000	18000000	7426.983
3000000	18000000	8711.977
4000000	18000000	10193.594
5000000	18000000	11727.038
6000000	18000000	9643.314
7000000	18000000	8137.3477
8000000	18000000	9843.992
9000000	18000000	9649.739
10000000	18000000	10341.337
11000000	18000000	8795.067
12000000	18000000	9301.484
13000000	18000000	19213.662
14000000	18000000	17617.334
15000000	18000000	20987.156
16000000	18000000	37851.312
17000000	18000000	148864.55
18000000	18000000	614169.5
0	19000000	6755.5312
1000000	19000000	6821.13
2000000	19000000	6400.3706
3000000	19000000	6472.2085
4000000	19000000	9779.1875
5000000	19000000	9276.308
6000000	19000000	10101.928
7000000	19000000	9259.351
8000000	19000000	10561.635
9000000	19000000	10998.417
10000000	19000000	9938.006
11000000	19000000	8865.96
12000000	19000000	11225.503
13000000	19000000	15972.148
14000000	19000000	15725.492
15000000	19000000	17305.332
16000000	19000000	29019.383
17000000	19000000	52849.11
18000000	19000000	193728.7
19000000	19000000	626086.6
0	20000000	6899.056
1000000	20000000	6746.6
2000000	20000000	6575.775
3000000	20000000	7524.809
4000000	20000000	9243.345
5000000	20000000	10764.935
6000000	20000000	10434.688
7000000	20000000	8859.766
8000000	20000000	10814.598
9000000	20000000	10478.301
10000000	20000000	10727.027
11000000	20000000	8942.521
12000000	20000000	9201.832
13000000	20000000	16889.912
14000000	20000000	13914.423
15000000	20000000	14803.598
16000000	20000000	20308.932
17000000	20000000	30638.78
18000000	20000000	45862.23
19000000	20000000	111886.03
20000000	20000000	656238.8
0	21000000	5922.9785
1000000	21000000	5196.3794
2000000	21000000	4923.1772
3000000	21000000	5076.9795
4000000	21000000	7598.8394
5000000	21000000	8298.787
6000000	21000000	11335.793
7000000	21000000	11850.791
8000000	21000000	12036.042
9000000	21000000	13308.693
10000000	21000000	10867.3955
11000000	21000000	10984.763
12000000	21000000	17070.93
13000000	21000000	16914.479
14000000	21000000	13601.259
15000000	21000000	14160.132
16000000	21000000	20091.537
17000000	21000000	24630.326
18000000	21000000	26073.58
19000000	21000000	41775.72
20000000	21000000	156484.67
21000000	21000000	603240.9
0	22000000	4928.4385
1000000	22000000	4097.3906
2000000	22000000	4035.658
3000000	22000000	3550.6968
4000000	22000000	6608.189
5000000	22000000	6174.289
6000000	22000000	11177.235
7000000	22000000	12137.171
8000000	22000000	12041.947
9000000	22000000	14023.266
10000000	22000000	9781.7705
11000000	22000000	11010.2705
12000000	22000000	18851.873
13000000	22000000	13843.444
14000000	22000000	11639.983
15000000	22000000	11717.702
16000000	22000000	17256.076
17000000	22000000	18828.56
18000000	22000000	16174.377
19000000	22000000	25200.816
20000000	22000000	36609.367
21000000	22000000	132002.88
22000000	22000000	614537.0
0	23000000	6940.8823
1000000	23000000	5862.1523
2000000	23000000	5505.0503
3000000	23000000	5475.582
4000000	23000000	8437.676
5000000	23000000	8732.442
6000000	23000000	10081.216
7000000	23000000	9179.414
8000000	23000000	10254.835
9000000	23000000	11448.362
10000000	23000000	10350.95
11000000	23000000	8958.681
12000000	23000000	11203.609
13000000	23000000	14174.95
14000000	23000000	10174.974
15000000	23000000	10575.067
16000000	23000000	14716.468
17000000	23000000	18404.684
18000000	23000000	17710.77
19000000	23000000	22799.236
20000000	23000000	31287.982
21000000	23000000	50253.285
22000000	23000000	174429.67
23000000	23000000	580637.75
0	24000000	6358.5635
1000000	24000000	5323.634
2000000	24000000	5053.749
3000000	24000000	4534.9155
4000000	24000000	7895.474
5000000	24000000	7527.7446
6000000	24000000	9400.356
7000000	24000000	8792.903
8000000	24000000	9506.014
9000000	24000000	10996.418
10000000	24000000	8924.015
11000000	24000000	8268.965
12000000	24000000	11918.036
13000000	24000000	12014.208
14000000	24000000	8968.55
15000000	24000000	9475.693
16000000	24000000	12992.581
17000000	24000000	14871.503
18000000	24000000	13568.314
19000000	24000000	18499.107
20000000	24000000	19727.105
21000000	24000000	29395.701
22000000	24000000	48092.26
23000000	24000000	124917.445
24000000	24000000	626886.06
0	25000000	6754.17
1000000	25000000	5587.8677
2000000	25000000	5060.505
3000000	25000000	5855.562
4000000	25000000	6776.343
5000000	25000000	8738.709
6000000	25000000	8243.442
7000000	25000000	7637.045
8000000	25000000	8865.081
9000000	25000000	8943.338
10000000	25000000	10126.535
11000000	25000000	9111.709
12000000	25000000	9110.435
13000000	25000000	13608.877
14000000	25000000	8808.126
15000000	25000000	8720.562
16000000	25000000	10506.103
17000000	25000000	12559.267
18000000	25000000	13581.309
19000000	25000000	12645.265
20000000	25000000	16864.873
21000000	25000000	21004.953
22000000	25000000	25048.104
23000000	25000000	49022.285
24000000	25000000	159627.66
25000000	25000000	680973.25
0	26000000	2511.6038
1000000	26000000	1722.783
2000000	26000000	1442.8145
3000000	26000000	1290.9026
4000000	26000000	2505.2605
5000000	26000000	2180.9697
6000000	26000000	5844.2656
7000000	26000000	7533.2646
8000000	26000000	5317.2715
9000000	26000000	6545.357
10000000	26000000	4490.8604
11000000	26000000	7930.814
12000000	26000000	14442.178
13000000	26000000	6008.731
14000000	26000000	5508.8535
15000000	26000000	4649.875
16000000	26000000	7162.208
17000000	26000000	5455.1865
18000000	26000000	4646.71
19000000	26000000	6014.5127
20000000	26000000	5853.6934
21000000	26000000	14115.024
22000000	26000000	19955.57
23000000	26000000	17721.754
24000000	26000000	36031.895
25000000	26000000	117206.1
26000000	26000000	1035038.5
0	29000000	2819.102
1000000	29000000	2110.4849
2000000	29000000	1843.8938
3000000	29000000	1463.2552
4000000	29000000	2781.0806
5000000	29000000	2427.6887
6000000	29000000	5840.0444
7000000	29000000	6941.5767
8000000	29000000	5665.7266
9000000	29000000	6634.2183
10000000	29000000	5128.264
11000000	29000000	7564.225
12000000	29000000	13741.483
13000000	29000000	6578.467
14000000	29000000	5088.6304
15000000	29000000	5152.8076
16000000	29000000	6744.165
17000000	29000000	5935.2065
18000000	29000000	5407.717
19000000	29000000	6934.066
20000000	29000000	6488.719
21000000	29000000	13296.76
22000000	29000000	15910.612
23000000	29000000	13044.217
24000000	29000000	16558.822
25000000	29000000	15847.551
26000000	29000000	23114.367
29000000	29000000	948595.94
0	30000000	7131.543
1000000	30000000	6419.931
2000000	30000000	6725.1304
3000000	30000000	8501.693
4000000	30000000	6707.3584
5000000	30000000	8567.356
6000000	30000000	4479.6978
7000000	30000000	3412.1133
8000000	30000000	4484.501
9000000	30000000	4299.8735
10000000	30000000	5933.2944
11000000	30000000	4779.53
12000000	30000000	2990.1143
13000000	30000000	7190.603
14000000	30000000	4920.7393
15000000	30000000	4899.716
16000000	30000000	5231.561
17000000	30000000	8262.126
18000000	30000000	10086.931
19000000	30000000	7583.087
20000000	30000000	10683.608
21000000	30000000	8714.074
22000000	30000000	7037.085
23000000	30000000	11995.181
24000000	30000000	11442.055
25000000	30000000	17483.645
26000000	30000000	3788.1711
29000000	30000000	56906.91
30000000	30000000	701302.44
0	31000000	7549.706
1000000	31000000	7359.047
2000000	31000000	8433.63
3000000	31000000	8561.157
4000000	31000000	6959.1436
5000000	31000000	5792.919
6000000	31000000	2814.8057
7000000	31000000	2148.651
8000000	31000000	2625.799
9000000	31000000	2556.533
10000000	31000000	2857.7996
11000000	31000000	2219.5566
12000000	31000000	1702.9729
13000000	31000000	3427.8857
14000000	31000000	2929.266
15000000	31000000	3045.6763
16000000	31000000	3501.828
17000000	31000000	5111.6904
18000000	31000000	6512.8486
19000000	31000000	6014.6255
20000000	31000000	6563.331
21000000	31000000	4813.7207
22000000	31000000	4233.5527
23000000	31000000	6544.4917
24000000	31000000	6875.344
25000000	31000000	6727.2056
26000000	31000000	2065.7317
29000000	31000000	10704.47
30000000	31000000	165002.95
31000000	31000000	716373.3
0	32000000	6035.011
1000000	32000000	6041.532
2000000	32000000	6993.4863
3000000	32000000	7996.5635
4000000	32000000	4956.6577
5000000	32000000	4603.3223
6000000	32000000	1813.8152
7000000	32000000	1287.9883
8000000	32000000	1774.1217
9000000	32000000	1494.3348
10000000	32000000	1993.7758
11000000	32000000	1637.831
12000000	32000000	917.8597
13000000	32000000	2402.4016
14000000	32000000	2075.3208
15000000	32000000	2142.7627
16000000	32000000	2145.5505
17000000	32000000	3631.0671
18000000	32000000	4565.5576
19000000	32000000	3529.3892
20000000	32000000	4473.1377
21000000	32000000	3007.221
22000000	32000000	2085.8955
23000000	32000000	3558.936
24000000	32000000	3110.5596
25000000	32000000	4445.9883
26000000	32000000	962.1925
29000000	32000000	4600.0933
30000000	32000000	34998.156
31000000	32000000	124646.164
32000000	32000000	773297.25
0	33000000	5175.6953
1000000	33000000	5310.337
2000000	33000000	6266.661
3000000	33000000	6969.202
4000000	33000000	3743.3623
5000000	33000000	3468.4768
6000000	33000000	1349.8608
7000000	33000000	1004.7567
8000000	33000000	1265.6975
9000000	33000000	1042.8632
10000000	33000000	1463.837
11000000	33000000	1105.4978
12000000	33000000	765.7918
13000000	33000000	1804.8337
14000000	33000000	1574.3054
15000000	33000000	1569.6608
16000000	33000000	1568.461
17000000	33000000	2584.8687
18000000	33000000	3527.1538
19000000	33000000	2557.9126
20000000	33000000	3291.7664
21000000	33000000	2142.2979
22000000	33000000	1610.521
23000000	33000000	2387.9792
24000000	33000000	2262.2185
25000000	33000000	3062.7249
26000000	33000000	795.9036
29000000	33000000	3289.7905
30000000	33000000	20608.4
31000000	33000000	36233.6
32000000	33000000	194296.28
33000000	33000000	789768.4
0	34000000	5396.64
1000000	34000000	5135.0986
2000000	34000000	6451.5566
3000000	34000000	6536.1616
4000000	34000000	3743.695
5000000	34000000	3193.309
6000000	34000000	1225.2368
7000000	34000000	922.9921
8000000	34000000	1209.6891
9000000	34000000	1010.2842
10000000	34000000	1304.7422
11000000	34000000	1056.3827
12000000	34000000	745.75214
13000000	34000000	1590.0507
14000000	34000000	1345.4963
15000000	34000000	1357.7118
16000000	34000000	1532.9108
17000000	34000000	2425.0693
18000000	34000000	3167.788
19000000	34000000	2554.5308
20000000	34000000	2903.4316
21000000	34000000	1970.5128
22000000	34000000	1610.4736
23000000	34000000	2281.3394
24000000	34000000	2245.9402
25000000	34000000	2719.441
26000000	34000000	791.1397
29000000	34000000	3070.8706
30000000	34000000	16059.436
31000000	34000000	24172.834
32000000	34000000	42436.758
33000000	34000000	150515.77
34000000	34000000	799894.7
0	35000000	5302.2285
1000000	35000000	5178.8013
2000000	35000000	6107.0205
3000000	35000000	6833.0137
4000000	35000000	3962.7156
5000000	35000000	3874.5352
6000000	35000000	1498.5194
7000000	35000000	981.7863
8000000	35000000	1278.6616
9000000	35000000	1095.0702
10000000	35000000	1531.0891
11000000	35000000	1262.3597
12000000	35000000	713.8969
13000000	35000000	1789.2026
14000000	35000000	1674.6357
15000000	35000000	1494.7166
16000000	35000000	1519.316
17000000	35000000	2763.4756
18000000	35000000	3427.469
19000000	35000000	2527.706
20000000	35000000	3184.005
21000000	35000000	2104.1372
22000000	35000000	1485.7239
23000000	35000000	2444.8892
24000000	35000000	2111.5537
25000000	35000000	2929.2236
26000000	35000000	705.64777
29000000	35000000	2533.259
30000000	35000000	16466.83
31000000	35000000	21043.787
32000000	35000000	29993.445
33000000	35000000	46766.598
34000000	35000000	175861.52
35000000	35000000	741179.94
0	36000000	5738.129
1000000	36000000	5957.2656
2000000	36000000	6958.7036
3000000	36000000	6897.1113
4000000	36000000	5080.7134
5000000	36000000	4318.6104
6000000	36000000	1952.8734
7000000	36000000	1499.6394
8000000	36000000	1817.1693
9000000	36000000	1645.3524
10000000	36000000	2019.5306
11000000	36000000	1567.3254
12000000	36000000	1143.2457
13000000	36000000	2297.2288
14000000	36000000	2063.6538
15000000	36000000	2155.4797
16000000	36000000	2420.675
17000000	36000000	3611.3972
18000000	36000000	4473.6294
19000000	36000000	3907.682
20000000	36000000	4470.0146
21000000	36000000	2962.2673
22000000	36000000	2458.7422
23000000	36000000	3694.9346
24000000	36000000	3603.6597
25000000	36000000	3684.7869
26000000	36000000	943.72974
29000000	36000000	3377.5208
30000000	36000000	15573.351
31000000	36000000	22496.324
32000000	36000000	20909.36
33000000	36000000	24062.008
34000000	36000000	40144.58
35000000	36000000	183331.9
36000000	36000000	754402.56
0	37000000	6068.6533
1000000	37000000	5873.9272
2000000	37000000	6036.4062
3000000	37000000	6226.9595
4000000	37000000	6171.823
5000000	37000000	5679.79
6000000	37000000	3913.1274
7000000	37000000	3003.7844
8000000	37000000	3784.9172
9000000	37000000	3611.251
10000000	37000000	3899.2046
11000000	37000000	3045.6174
12000000	37000000	2520.3093
13000000	37000000	4841.5728
14000000	37000000	3742.6104
15000000	37000000	3804.103
16000000	37000000	4417.9907
17000000	37000000	6184.0586
18000000	37000000	6788.0093
19000000	37000000	6602.4277
20000000	37000000	7171.4204
21000000	37000000	6289.134
22000000	37000000	5438.642
23000000	37000000	7618.3203
24000000	37000000	7119.219
25000000	37000000	6821.993
26000000	37000000	1820.8286
29000000	37000000	6210.827
30000000	37000000	17846.824
31000000	37000000	17325.416
32000000	37000000	13884.22
33000000	37000000	13050.214
34000000	37000000	16800.25
35000000	37000000	30199.646
36000000	37000000	100941.2
37000000	37000000	636302.44
0	38000000	4217.2974
1000000	38000000	4040.7534
2000000	38000000	3934.8955
3000000	38000000	3124.4998
4000000	38000000	4971.8325
5000000	38000000	3744.0186
6000000	38000000	5541.9854
7000000	38000000	5364.1685
8000000	38000000	5149.904
9000000	38000000	5449.029
10000000	38000000	4298.7617
11000000	38000000	4378.5073
12000000	38000000	5476.967
13000000	38000000	5309.2573
14000000	38000000	5060.253
15000000	38000000	4547.238
16000000	38000000	5983.7485
17000000	38000000	6059.6855
18000000	38000000	5441.7485
19000000	38000000	7168.586
20000000	38000000	6549.888
21000000	38000000	7623.9307
22000000	38000000	8435.683
23000000	38000000	8266.307
24000000	38000000	8752.297
25000000	38000000	6053.1816
26000000	38000000	4558.072
29000000	38000000	11679.798
30000000	38000000	8882.889
31000000	38000000	9876.154
32000000	38000000	6092.8486
33000000	38000000	5470.1694
34000000	38000000	6680.3833
35000000	38000000	8229.326
36000000	38000000	19590.201
37000000	38000000	141669.7
38000000	38000000	647526.4
0	39000000	4821.748
1000000	39000000	4525.0347
2000000	39000000	4491.264
3000000	39000000	4480.372
4000000	39000000	5264.9375
5000000	39000000	4958.4917
6000000	39000000	4384.116
7000000	39000000	3587.4792
8000000	39000000	4265.564
9000000	39000000	4385.2007
10000000	39000000	4011.0576
11000000	39000000	3279.2803
12000000	39000000	3295.611
13000000	39000000	5006.9937
14000000	39000000	3812.0059
15000000	39000000	3948.4626
16000000	39000000	4865.2075
17000000	39000000	5959.346
18000000	39000000	5985.8345
19000000	39000000	6438.5605
20000000	39000000	6939.602
21000000	39000000	6523.749
22000000	39000000	6670.6094
23000000	39000000	8324.219
24000000	39000000	8124.694
25000000	39000000	6908.286
26000000	39000000	2258.444
29000000	39000000	7748.403
30000000	39000000	12027.844
31000000	39000000	10664.492
32000000	39000000	7368.004
33000000	39000000	6405.1855
34000000	39000000	7454.8423
35000000	39000000	9810.497
36000000	39000000	18536.607
37000000	39000000	73407.805
38000000	39000000	164374.83
39000000	39000000	620630.75
0	40000000	4815.195
1000000	40000000	4588.5103
2000000	40000000	4278.0576
3000000	40000000	3845.492
4000000	40000000	5231.797
5000000	40000000	4310.225
6000000	40000000	4761.6216
7000000	40000000	4422.5317
8000000	40000000	4586.97
9000000	40000000	4833.4546
10000000	40000000	3991.6252
11000000	40000000	3731.2344
12000000	40000000	4709.049
13000000	40000000	5284.993
14000000	40000000	4264.332
15000000	40000000	4359.9253
16000000	40000000	5763.056
17000000	40000000	6482.6323
18000000	40000000	6097.0557
19000000	40000000	7131.4995
20000000	40000000	7007.584
21000000	40000000	7574.9917
22000000	40000000	8182.2764
23000000	40000000	9419.126
24000000	40000000	9782.36
25000000	40000000	7258.686
26000000	40000000	3462.5713
29000000	40000000	10185.377
30000000	40000000	10402.644
31000000	40000000	9484.6455
32000000	40000000	5939.575
33000000	40000000	5065.919
34000000	40000000	5693.78
35000000	40000000	6907.3657
36000000	40000000	13148.685
37000000	40000000	33342.44
38000000	40000000	52348.457
39000000	40000000	127900.48
40000000	40000000	563819.75
0	41000000	4542.52
1000000	41000000	3881.8994
2000000	41000000	3940.9976
3000000	41000000	2908.734
4000000	41000000	5026.065
5000000	41000000	3358.541
6000000	41000000	5193.6167
7000000	41000000	5164.8726
8000000	41000000	4932.7007
9000000	41000000	5797.2275
10000000	41000000	3869.2776
11000000	41000000	4088.5203
12000000	41000000	6428.992
13000000	41000000	4979.6724
14000000	41000000	4200.2085
15000000	41000000	4379.357
16000000	41000000	6177.2944
17000000	41000000	6684.4062
18000000	41000000	5386.203
19000000	41000000	7599.63
20000000	41000000	6606.832
21000000	41000000	8759.006
22000000	41000000	10586.524
23000000	41000000	10069.239
24000000	41000000	11534.282
25000000	41000000	6305.0684
26000000	41000000	5113.6978
29000000	41000000	14251.026
30000000	41000000	7133.921
31000000	41000000	8129.8774
32000000	41000000	3978.1724
33000000	41000000	3546.4824
34000000	41000000	4369.03
35000000	41000000	4522.0933
36000000	41000000	9903.191
37000000	41000000	24902.86
38000000	41000000	45159.39
39000000	41000000	49416.207
40000000	41000000	199665.47
41000000	41000000	601139.56
0	42000000	5553.386
1000000	42000000	5406.345
2000000	42000000	5424.289
3000000	42000000	5829.557
4000000	42000000	5078.6875
5000000	42000000	5130.5605
6000000	42000000	3042.3057
7000000	42000000	2287.1892
8000000	42000000	2950.88
9000000	42000000	2481.8333
10000000	42000000	3087.7502
11000000	42000000	2603.9216
12000000	42000000	1623.7407
13000000	42000000	3658.6575
14000000	42000000	3004.1763
15000000	42000000	3000.8962
16000000	42000000	3438.5364
17000000	42000000	4879.2207
18000000	42000000	5567.119
19000000	42000000	4819.8267
20000000	42000000	5634.448
21000000	42000000	4433.5986
22000000	42000000	3585.0796
23000000	42000000	5670.7666
24000000	42000000	5064.414
25000000	42000000	6206.401
26000000	42000000	1275.6669
29000000	42000000	4244.1436
30000000	42000000	12278.656
31000000	42000000	10390.784
32000000	42000000	8406.185
33000000	42000000	7149.401
34000000	42000000	7866.3823
35000000	42000000	9811.657
36000000	42000000	14405.15
37000000	42000000	22919.785
38000000	42000000	17737.455
39000000	42000000	29377.527
40000000	42000000	52829.67
41000000	42000000	78112.2
42000000	42000000	738654.06
0	43000000	6446.4863
1000000	43000000	6428.179
2000000	43000000	6732.842
3000000	43000000	6595.7354
4000000	43000000	5366.3584
5000000	43000000	5030.761
6000000	43000000	2571.4216
7000000	43000000	1942.3909
8000000	43000000	2305.454
9000000	43000000	2083.774
10000000	43000000	2520.0452
11000000	43000000	1873.5631
12000000	43000000	1421.4418
13000000	43000000	2754.67
14000000	43000000	2263.0461
15000000	43000000	2367.4294
16000000	43000000	2561.8916
17000000	43000000	3968.7847
18000000	43000000	4820.648
19000000	43000000	4139.706
20000000	43000000	4644.1973
21000000	43000000	3546.015
22000000	43000000	2722.4824
23000000	43000000	4557.9585
24000000	43000000	3999.383
25000000	43000000	4431.96
26000000	43000000	1136.855
29000000	43000000	2993.803
30000000	43000000	11276.372
31000000	43000000	11941.725
32000000	43000000	9841.605
33000000	43000000	8727.242
34000000	43000000	9968.397
35000000	43000000	11913.782
36000000	43000000	15171.174
37000000	43000000	18581.016
38000000	43000000	12566.511
39000000	43000000	18970.705
40000000	43000000	23912.623
41000000	43000000	27946.668
42000000	43000000	132378.81
43000000	43000000	690521.6
0	44000000	7103.5024
1000000	44000000	6286.5483
2000000	44000000	7055.978
3000000	44000000	6358.5327
4000000	44000000	4954.6787
5000000	44000000	4043.6497
6000000	44000000	2141.6013
7000000	44000000	1650.4082
8000000	44000000	1928.018
9000000	44000000	1839.1853
10000000	44000000	1998.6274
11000000	44000000	1516.8317
12000000	44000000	1338.9739
13000000	44000000	2259.381
14000000	44000000	1880.7765
15000000	44000000	1889.108
16000000	44000000	2262.6733
17000000	44000000	3412.967
18000000	44000000	3953.9531
19000000	44000000	3596.7292
20000000	44000000	3786.703
21000000	44000000	2959.7441
22000000	44000000	2598.779
23000000	44000000	3843.8022
24000000	44000000	3562.9902
25000000	44000000	3794.4019
26000000	44000000	1132.553
29000000	44000000	2982.6199
30000000	44000000	8797.764
31000000	44000000	10620.262
32000000	44000000	8701.329
33000000	44000000	8098.248
34000000	44000000	9336.858
35000000	44000000	10150.534
36000000	44000000	12380.678
37000000	44000000	13639.447
38000000	44000000	10510.744
39000000	44000000	13364.578
40000000	44000000	15908.63
41000000	44000000	18581.502
42000000	44000000	33220.902
43000000	44000000	147772.86
44000000	44000000	693333.1
0	45000000	6548.4653
1000000	45000000	6032.2363
2000000	45000000	6516.2627
3000000	45000000	5163.3477
4000000	45000000	5083.5713
5000000	45000000	3515.3884
6000000	45000000	2179.1897
7000000	45000000	1825.4904
8000000	45000000	1889.7356
9000000	45000000	1887.7523
10000000	45000000	1899.0634
11000000	45000000	1679.6766
12000000	45000000	1724.6733
13000000	45000000	2197.341
14000000	45000000	1860.7253
15000000	45000000	1931.953
16000000	45000000	2311.168
17000000	45000000	3142.3193
18000000	45000000	3729.182
19000000	45000000	3799.3252
20000000	45000000	3683.349
21000000	45000000	3305.2524
22000000	45000000	3096.7207
23000000	45000000	3862.073
24000000	45000000	3876.9812
25000000	45000000	3483.4758
26000000	45000000	1341.7837
29000000	45000000	3657.7798
30000000	45000000	6930.433
31000000	45000000	10301.361
32000000	45000000	7177.608
33000000	45000000	6613.4062
34000000	45000000	7704.293
35000000	45000000	7930.369
36000000	45000000	10768.911
37000000	45000000	11532.419
38000000	45000000	10911.806
39000000	45000000	11367.831
40000000	45000000	14462.747
41000000	45000000	17793.36
42000000	45000000	20781.639
43000000	45000000	41204.645
44000000	45000000	156426.8
45000000	45000000	643104.5
0	46000000	5097.373
1000000	46000000	5019.1855
2000000	46000000	5218.479
3000000	46000000	4574.564
4000000	46000000	3998.3154
5000000	46000000	3086.1616
6000000	46000000	1555.3856
7000000	46000000	1286.2955
8000000	46000000	1478.9672
9000000	46000000	1396.3235
10000000	46000000	1565.5182
11000000	46000000	1352.7174
12000000	46000000	1083.3734
13000000	46000000	1701.3445
14000000	46000000	1513.6691
15000000	46000000	1529.44
16000000	46000000	1760.9772
17000000	46000000	2550.6265
18000000	46000000	3031.698
19000000	46000000	3070.607
20000000	46000000	2791.2734
21000000	46000000	2325.7607
22000000	46000000	2048.5686
23000000	46000000	2787.57
24000000	46000000	2906.379
25000000	46000000	2556.6357
26000000	46000000	970.3695
29000000	46000000	2307.484
30000000	46000000	6187.0503
31000000	46000000	8758.966
32000000	46000000	6695.1226
33000000	46000000	5943.441
34000000	46000000	6917.39
35000000	46000000	7522.027
36000000	46000000	9053.717
37000000	46000000	8489.271
38000000	46000000	7206.0913
39000000	46000000	8202.09
40000000	46000000	9025.708
41000000	46000000	10445.398
42000000	46000000	13763.842
43000000	46000000	22902.154
44000000	46000000	40934.945
45000000	46000000	186630.62
46000000	46000000	694160.1
0	47000000	4974.1387
1000000	47000000	5037.0073
2000000	47000000	5336.427
3000000	47000000	5483.781
4000000	47000000	3707.6733
5000000	47000000	3596.045
6000000	47000000	1498.0457
7000000	47000000	952.45233
8000000	47000000	1247.1754
9000000	47000000	1141.5947
10000000	47000000	1494.906
11000000	47000000	1297.0319
12000000	47000000	711.9185
13000000	47000000	1678.8926
14000000	47000000	1557.2314
15000000	47000000	1483.1573
16000000	47000000	1514.248
17000000	47000000	2563.9849
18000000	47000000	3199.9045
19000000	47000000	2597.594
20000000	47000000	2982.0923
21000000	47000000	1995.9589
22000000	47000000	1480.5507
23000000	47000000	2434.6128
24000000	47000000	2135.5308
25000000	47000000	2663.334
26000000	47000000	651.79645
29000000	47000000	1370.8795
30000000	47000000	8850.392
31000000	47000000	8905.018
32000000	47000000	8838.577
33000000	47000000	8328.564
34000000	47000000	8825.041
35000000	47000000	10254.565
36000000	47000000	9424.016
37000000	47000000	8420.917
38000000	47000000	5097.6577
39000000	47000000	6831.1875
40000000	47000000	6634.946
41000000	47000000	5888.241
42000000	47000000	12706.204
43000000	47000000	20805.25
44000000	47000000	30331.676
45000000	47000000	60354.38
46000000	47000000	207681.3
47000000	47000000	738169.06
0	48000000	5529.577
1000000	48000000	5664.2183
2000000	48000000	6106.65
3000000	48000000	6621.777
4000000	48000000	4674.6133
5000000	48000000	4648.1743
6000000	48000000	1862.3003
7000000	48000000	1226.6321
8000000	48000000	1605.0353
9000000	48000000	1454.082
10000000	48000000	1912.8263
11000000	48000000	1479.7743
12000000	48000000	843.03827
13000000	48000000	2064.647
14000000	48000000	1924.7867
15000000	48000000	1821.605
16000000	48000000	1892.9379
17000000	48000000	3313.971
18000000	48000000	3894.7175
19000000	48000000	3350.5344
20000000	48000000	3881.5889
21000000	48000000	2392.4795
22000000	48000000	1728.0023
23000000	48000000	2974.6252
24000000	48000000	2773.4001
25000000	48000000	3429.9119
26000000	48000000	609.3673
29000000	48000000	1502.0061
30000000	48000000	10785.301
31000000	48000000	11444.256
32000000	48000000	10089.569
33000000	48000000	9026.6045
34000000	48000000	9281.668
35000000	48000000	10540.8
36000000	48000000	11041.005
37000000	48000000	9528.945
38000000	48000000	5195.0415
39000000	48000000	7390.7275
40000000	48000000	7037.1274
41000000	48000000	6019.7217
42000000	48000000	13736.199
43000000	48000000	19385.889
44000000	48000000	21976.072
45000000	48000000	26023.648
46000000	48000000	35932.805
47000000	48000000	131460.12
48000000	48000000	752243.25
0	49000000	5390.895
1000000	49000000	5379.9497
2000000	49000000	5317.7954
3000000	49000000	5737.428
4000000	49000000	5667.2617
5000000	49000000	5515.5156
6000000	49000000	3266.9182
7000000	49000000	2456.0334
8000000	49000000	2960.1294
9000000	49000000	2893.3337
10000000	49000000	3271.2178
11000000	49000000	2512.362
12000000	49000000	1835.4211
13000000	49000000	3721.9443
14000000	49000000	2941.173
15000000	49000000	2999.7175
16000000	49000000	3428.2502
17000000	49000000	5177.0674
18000000	49000000	5632.867
19000000	49000000	5450.006
20000000	49000000	6060.863
21000000	49000000	4747.8423
22000000	49000000	4315.0127
23000000	49000000	6645.2153
24000000	49000000	6373.3193
25000000	49000000	5809.8687
26000000	49000000	1440.3264
29000000	49000000	3999.1426
30000000	49000000	11863.394
31000000	49000000	10607.018
32000000	49000000	7269.992
33000000	49000000	5835.609
34000000	49000000	6009.6914
35000000	49000000	7094.582
36000000	49000000	9304.143
37000000	49000000	12060.734
38000000	49000000	9106.889
39000000	49000000	11197.361
40000000	49000000	11911.34
41000000	49000000	12295.268
42000000	49000000	15797.597
43000000	49000000	17068.564
44000000	49000000	16691.621
45000000	49000000	18744.092
46000000	49000000	19326.736
47000000	49000000	26999.562
48000000	49000000	166242.1
49000000	49000000	618891.06
0	50000000	4169.6978
1000000	50000000	3802.973
2000000	50000000	3663.3801
3000000	50000000	3586.8982
4000000	50000000	4971.5894
5000000	50000000	4922.063
6000000	50000000	4887.48
7000000	50000000	4141.993
8000000	50000000	4857.5483
9000000	50000000	4672.0957
10000000	50000000	4407.5083
11000000	50000000	3848.7737
12000000	50000000	4071.8398
13000000	50000000	5275.3022
14000000	50000000	4242.804
15000000	50000000	4256.1826
16000000	50000000	5192.5083
17000000	50000000	5801.3276
18000000	50000000	5635.3926
19000000	50000000	6380.8237
20000000	50000000	6796.8765
21000000	50000000	7059.1333
22000000	50000000	7086.071
23000000	50000000	8386.51
24000000	50000000	8763.214
25000000	50000000	7293.6084
26000000	50000000	3270.036
29000000	50000000	8570.354
30000000	50000000	9415.092
31000000	50000000	7102.0796
32000000	50000000	4098.0874
33000000	50000000	3229.114
34000000	50000000	3315.4763
35000000	50000000	3882.5916
36000000	50000000	5848.394
37000000	50000000	10896.308
38000000	50000000	12692.441
39000000	50000000	12123.375
40000000	50000000	14977.116
41000000	50000000	17370.63
42000000	50000000	12358.442
43000000	50000000	11305.456
44000000	50000000	11182.676
45000000	50000000	14024.358
46000000	50000000	11940.982
47000000	50000000	11692.227
48000000	50000000	22772.225
49000000	50000000	151991.73
50000000	50000000	573064.25
0	51000000	2764.2139
1000000	51000000	2532.5771
2000000	51000000	2310.9197
3000000	51000000	2164.522
4000000	51000000	3611.6943
5000000	51000000	3362.2917
6000000	51000000	5095.8936
7000000	51000000	5043.6123
8000000	51000000	5073.735
9000000	51000000	5057.117
10000000	51000000	4139.962
11000000	51000000	4128.2363
12000000	51000000	5514.0757
13000000	51000000	5099.61
14000000	51000000	4224.1035
15000000	51000000	4056.4644
16000000	51000000	5087.828
17000000	51000000	4902.5786
18000000	51000000	4178.432
19000000	51000000	5348.536
20000000	51000000	5240.5615
21000000	51000000	6688.2793
22000000	51000000	7597.0195
23000000	51000000	7035.1357
24000000	51000000	7831.25
25000000	51000000	6257.9434
26000000	51000000	4384.9023
29000000	51000000	11164.746
30000000	51000000	6381.121
31000000	51000000	4556.563
32000000	51000000	2515.0166
33000000	51000000	1886.925
34000000	51000000	2157.5176
35000000	51000000	2277.7466
36000000	51000000	3694.303
37000000	51000000	7243.865
38000000	51000000	11345.615
39000000	51000000	9336.565
40000000	51000000	12207.405
41000000	51000000	15761.888
42000000	51000000	7446.975
43000000	51000000	6900.1226
44000000	51000000	6967.265
45000000	51000000	8974.646
46000000	51000000	7296.224
47000000	51000000	5869.849
48000000	51000000	8939.894
49000000	51000000	30799.215
50000000	51000000	137441.25
51000000	51000000	628426.9
0	52000000	3044.2778
1000000	52000000	2749.0479
2000000	52000000	2411.035
3000000	52000000	3045.3315
4000000	52000000	3328.3088
5000000	52000000	4921.2627
6000000	52000000	4160.548
7000000	52000000	3270.9348
8000000	52000000	4200.596
9000000	52000000	3711.5403
10000000	52000000	4540.5776
11000000	52000000	3865.1692
12000000	52000000	2732.8882
13000000	52000000	5036.4688
14000000	52000000	3664.7534
15000000	52000000	3675.4497
16000000	52000000	3767.305
17000000	52000000	4417.678
18000000	52000000	4233.411
19000000	52000000	4014.121
20000000	52000000	5126.6475
21000000	52000000	4754.824
22000000	52000000	4147.152
23000000	52000000	5830.643
24000000	52000000	5093.2207
25000000	52000000	7254.3716
26000000	52000000	2192.0178
29000000	52000000	5162.5894
30000000	52000000	10061.543
31000000	52000000	4583.358
32000000	52000000	3818.1357
33000000	52000000	2925.9255
34000000	52000000	2684.1343
35000000	52000000	3633.9873
36000000	52000000	4155.6772
37000000	52000000	7329.0884
38000000	52000000	6702.706
39000000	52000000	8119.6675
40000000	52000000	7934.8345
41000000	52000000	7412.7417
42000000	52000000	8367.225
43000000	52000000	7515.5737
44000000	52000000	6634.1587
45000000	52000000	6854.7246
46000000	52000000	6530.597
47000000	52000000	7408.8584
48000000	52000000	11299.262
49000000	52000000	25154.29
50000000	52000000	69247.79
51000000	52000000	168080.52
52000000	52000000	704471.44
0	53000000	2225.2659
1000000	53000000	1836.272
2000000	53000000	1731.6173
3000000	53000000	1519.121
4000000	53000000	2548.0703
5000000	53000000	2504.5137
6000000	53000000	5916.8164
7000000	53000000	6392.4346
8000000	53000000	5427.787
9000000	53000000	5500.892
10000000	53000000	4500.4614
11000000	53000000	5689.7056
12000000	53000000	8508.963
13000000	53000000	5547.1167
14000000	53000000	4727.9243
15000000	53000000	4280.804
16000000	53000000	5239.8193
17000000	53000000	4502.552
18000000	53000000	3579.5898
19000000	53000000	4387.388
20000000	53000000	4347.034
21000000	53000000	7303.9287
22000000	53000000	8361.665
23000000	53000000	6835.405
24000000	53000000	7071.715
25000000	53000000	6502.066
26000000	53000000	7590.9395
29000000	53000000	15679.877
30000000	53000000	5572.4214
31000000	53000000	3152.1003
32000000	53000000	1789.8553
33000000	53000000	1491.2123
34000000	53000000	1508.3749
35000000	53000000	1745.7969
36000000	53000000	2601.3984
37000000	53000000	5669.5596
38000000	53000000	10507.461
39000000	53000000	7413.9956
40000000	53000000	10251.92
41000000	53000000	13451.59
42000000	53000000	5350.243
43000000	53000000	4782.854
44000000	53000000	4782.5386
45000000	53000000	5856.5635
46000000	53000000	4488.4556
47000000	53000000	3511.1604
48000000	53000000	4776.061
49000000	53000000	13258.719
50000000	53000000	38766.93
51000000	53000000	75045.055
52000000	53000000	119375.016
53000000	53000000	618169.5
0	54000000	2394.9531
1000000	54000000	1740.5105
2000000	54000000	1686.1166
3000000	54000000	1499.0741
4000000	54000000	2515.9092
5000000	54000000	2556.242
6000000	54000000	5106.518
7000000	54000000	6210.1016
8000000	54000000	4850.124
9000000	54000000	5418.985
10000000	54000000	4135.4272
11000000	54000000	5546.708
12000000	54000000	9872.939
13000000	54000000	5050.8315
14000000	54000000	4123.3506
15000000	54000000	3829.8337
16000000	54000000	4992.0225
17000000	54000000	4666.358
18000000	54000000	3659.9314
19000000	54000000	4428.283
20000000	54000000	4333.191
21000000	54000000	8048.2188
22000000	54000000	9893.526
23000000	54000000	7676.7715
24000000	54000000	8104.748
25000000	54000000	7804.198
26000000	54000000	9641.57
29000000	54000000	21341.914
30000000	54000000	6318.922
31000000	54000000	3204.6958
32000000	54000000	1744.9667
33000000	54000000	1443.1682
34000000	54000000	1580.6942
35000000	54000000	1651.7975
36000000	54000000	2466.589
37000000	54000000	5566.6533
38000000	54000000	10181.213
39000000	54000000	7313.4165
40000000	54000000	10668.305
41000000	54000000	14340.002
42000000	54000000	5047.59
43000000	54000000	4342.887
44000000	54000000	4407.723
45000000	54000000	5538.097
46000000	54000000	4032.0688
47000000	54000000	3124.765
48000000	54000000	3888.834
49000000	54000000	11431.086
50000000	54000000	27142.166
51000000	54000000	44052.516
52000000	54000000	41498.754
53000000	54000000	209290.11
54000000	54000000	627900.8
0	55000000	4167.157
1000000	55000000	3326.556
2000000	55000000	3272.5078
3000000	55000000	3033.3958
4000000	55000000	4484.4414
5000000	55000000	4370.9277
6000000	55000000	4293.337
7000000	55000000	3600.2764
8000000	55000000	3984.849
9000000	55000000	4241.247
10000000	55000000	3896.3682
11000000	55000000	3324.9976
12000000	55000000	3795.5435
13000000	55000000	4780.587
14000000	55000000	3362.5312
15000000	55000000	3476.6033
16000000	55000000	4624.2314
17000000	55000000	5608.9443
18000000	55000000	5421.0474
19000000	55000000	6133.244
20000000	55000000	6568.688
21000000	55000000	7478.324
22000000	55000000	8356.659
23000000	55000000	10684.74
24000000	55000000	11572.688
25000000	55000000	9367.511
26000000	55000000	3550.7307
29000000	55000000	11151.651
30000000	55000000	10827.601
31000000	55000000	6740.7676
32000000	55000000	3329.1196
33000000	55000000	2568.6997
34000000	55000000	2744.7832
35000000	55000000	2998.9756
36000000	55000000	4796.7954
37000000	55000000	9821.407
38000000	55000000	10765.785
39000000	55000000	11099.278
40000000	55000000	13555.525
41000000	55000000	15975.322
42000000	55000000	8936.274
43000000	55000000	7764.753
44000000	55000000	7293.3135
45000000	55000000	8333.323
46000000	55000000	6535.7603
47000000	55000000	5429.7646
48000000	55000000	8122.349
49000000	55000000	20470.564
50000000	55000000	30528.648
51000000	55000000	31238.887
52000000	55000000	31228.717
53000000	55000000	47209.01
54000000	55000000	106406.78
55000000	55000000	555216.44
0	56000000	4690.616
1000000	56000000	4341.33
2000000	56000000	4017.3313
3000000	56000000	4141.144
4000000	56000000	4770.8433
5000000	56000000	4660.237
6000000	56000000	3195.6265
7000000	56000000	2293.7515
8000000	56000000	2763.5273
9000000	56000000	2784.1628
10000000	56000000	3087.6863
11000000	56000000	2298.3777
12000000	56000000	2020.8901
13000000	56000000	3412.5217
14000000	56000000	2490.6587
15000000	56000000	2738.234
16000000	56000000	3199.7288
17000000	56000000	4511.833
18000000	56000000	4935.318
19000000	56000000	5157.856
20000000	56000000	5539.987
21000000	56000000	4993.91
22000000	56000000	5020.7446
23000000	56000000	7843.921
24000000	56000000	8325.336
25000000	56000000	7392.554
26000000	56000000	1868.573
29000000	56000000	6024.3154
30000000	56000000	11671.709
31000000	56000000	8405.572
32000000	56000000	4867.5977
33000000	56000000	3546.129
34000000	56000000	3771.4001
35000000	56000000	4282.074
36000000	56000000	6175.08
37000000	56000000	9854.879
38000000	56000000	8213.987
39000000	56000000	9594.604
40000000	56000000	10396.932
41000000	56000000	10525.949
42000000	56000000	9709.292
43000000	56000000	8899.067
44000000	56000000	8355.52
45000000	56000000	8343.751
46000000	56000000	7083.9336
47000000	56000000	7074.7295
48000000	56000000	10591.238
49000000	56000000	18687.004
50000000	56000000	19612.127
51000000	56000000	15597.109
52000000	56000000	17760.393
53000000	56000000	16440.996
54000000	56000000	23484.701
55000000	56000000	167929.84
56000000	56000000	621475.1
0	57000000	5290.3276
1000000	57000000	4489.04
2000000	57000000	4335.25
3000000	57000000	4438.582
4000000	57000000	5051.3823
5000000	57000000	4773.2964
6000000	57000000	3251.5925
7000000	57000000	2467.2437
8000000	57000000	3182.683
9000000	57000000	2945.224
10000000	57000000	3129.936
11000000	57000000	2445.4336
12000000	57000000	2222.5383
13000000	57000000	3611.9294
14000000	57000000	2606.6265
15000000	57000000	2681.2432
16000000	57000000	3300.9688
17000000	57000000	5090.348
18000000	57000000	5255.9365
19000000	57000000	5360.306
20000000	57000000	5924.912
21000000	57000000	5506.177
22000000	57000000	5615.401
23000000	57000000	8603.837
24000000	57000000	9075.497
25000000	57000000	7913.2173
26000000	57000000	2049.427
29000000	57000000	6777.3843
30000000	57000000	11711.533
31000000	57000000	8345.849
32000000	57000000	4941.265
33000000	57000000	3685.1152
34000000	57000000	3964.671
35000000	57000000	4285.3916
36000000	57000000	6278.332
37000000	57000000	10177.309
38000000	57000000	8423.66
39000000	57000000	9988.306
40000000	57000000	10798.375
41000000	57000000	11545.061
42000000	57000000	10016.643
43000000	57000000	9100.669
44000000	57000000	8675.701
45000000	57000000	8579.921
46000000	57000000	6648.7744
47000000	57000000	6639.905
48000000	57000000	9396.612
49000000	57000000	16413.822
50000000	57000000	17421.537
51000000	57000000	14106.268
52000000	57000000	14431.464
53000000	57000000	14079.472
54000000	57000000	19031.924
55000000	57000000	64733.89
56000000	57000000	184980.11
57000000	57000000	647336.5
0	58000000	4441.1445
1000000	58000000	3465.3328
2000000	58000000	3167.2847
3000000	58000000	2674.0132
4000000	58000000	4037.6228
5000000	58000000	3382.7139
6000000	58000000	4392.8584
7000000	58000000	4315.745
8000000	58000000	4313.108
9000000	58000000	4710.6025
10000000	58000000	3942.481
11000000	58000000	4033.9075
12000000	58000000	5774.536
13000000	58000000	4784.808
14000000	58000000	3482.836
15000000	58000000	3549.1777
16000000	58000000	5082.348
17000000	58000000	5651.771
18000000	58000000	5126.2295
19000000	58000000	6533.0405
20000000	58000000	6522.1436
21000000	58000000	8966.431
22000000	58000000	10994.767
23000000	58000000	11558.285
24000000	58000000	13414.301
25000000	58000000	10000.431
26000000	58000000	6846.0454
29000000	58000000	18061.227
30000000	58000000	9130.287
31000000	58000000	5783.092
32000000	58000000	2717.6848
33000000	58000000	2110.8303
34000000	58000000	2258.6406
35000000	58000000	2301.1387
36000000	58000000	4042.5828
37000000	58000000	8347.479
38000000	58000000	11529.833
39000000	58000000	10166.461
40000000	58000000	13804.144
41000000	58000000	17646.264
42000000	58000000	7634.9287
43000000	58000000	6158.0796
44000000	58000000	6194.376
45000000	58000000	7196.56
46000000	58000000	5360.4883
47000000	58000000	3665.599
48000000	58000000	4874.361
49000000	58000000	11635.466
50000000	58000000	18299.844
51000000	58000000	18622.697
52000000	58000000	12396.078
53000000	58000000	22790.162
54000000	58000000	31826.307
55000000	58000000	48375.465
56000000	58000000	48216.043
57000000	58000000	111040.87
58000000	58000000	558036.0
0	59000000	2858.5793
1000000	59000000	1872.4503
2000000	59000000	1802.7345
3000000	59000000	1259.2058
4000000	59000000	2512.3342
5000000	59000000	1743.4468
6000000	59000000	3982.5322
7000000	59000000	4681.9536
8000000	59000000	3201.2502
9000000	59000000	3819.1519
10000000	59000000	2878.1243
11000000	59000000	4566.4243
12000000	59000000	9225.737
13000000	59000000	3351.7896
14000000	59000000	2745.3298
15000000	59000000	2870.661
16000000	59000000	4015.3333
17000000	59000000	3866.363
18000000	59000000	2965.5737
19000000	59000000	4505.5347
20000000	59000000	3618.6865
21000000	59000000	8179.3506
22000000	59000000	10951.058
23000000	59000000	7959.2676
24000000	59000000	10203.306
25000000	59000000	7415.171
26000000	59000000	12854.167
29000000	59000000	29186.457
30000000	59000000	4554.0195
31000000	59000000	3113.1655
32000000	59000000	1287.0459
33000000	59000000	1134.3116
34000000	59000000	1281.899
35000000	59000000	1188.6808
36000000	59000000	2123.6396
37000000	59000000	4420.6367
38000000	59000000	9468.401
39000000	59000000	6231.967
40000000	59000000	10131.834
41000000	59000000	15700.118
42000000	59000000	3892.145
43000000	59000000	3294.1584
44000000	59000000	3709.5657
45000000	59000000	4971.4
46000000	59000000	3731.0037
47000000	59000000	2164.411
48000000	59000000	2372.793
49000000	59000000	5755.7734
50000000	59000000	11817.037
51000000	59000000	15225.919
52000000	59000000	7179.125
53000000	59000000	25371.557
54000000	59000000	40395.395
55000000	59000000	23461.531
56000000	59000000	15738.638
57000000	59000000	22287.193
58000000	59000000	160177.56
59000000	59000000	711600.5
0	60000000	6613.2056
1000000	60000000	4559.5923
2000000	60000000	4508.5786
3000000	60000000	4362.342
4000000	60000000	4088.258
5000000	60000000	3983.7874
6000000	60000000	3225.991
7000000	60000000	2875.6667
8000000	60000000	2776.9922
9000000	60000000	2961.9258
10000000	60000000	3138.316
11000000	60000000	3263.473
12000000	60000000	4256.9463
13000000	60000000	3723.662
14000000	60000000	2597.0178
15000000	60000000	2715.5845
16000000	60000000	3685.6824
17000000	60000000	5183.381
18000000	60000000	5127.9634
19000000	60000000	5338.1626
20000000	60000000	5646.5684
21000000	60000000	6919.3354
22000000	60000000	7371.6245
23000000	60000000	9501.492
24000000	60000000	10790.512
25000000	60000000	11334.023
26000000	60000000	6265.087
29000000	60000000	16290.756
30000000	60000000	12464.452
31000000	60000000	7272.861
32000000	60000000	4430.569
33000000	60000000	3541.5085
34000000	60000000	3675.4985
35000000	60000000	4039.1592
36000000	60000000	5241.4087
37000000	60000000	8239.743
38000000	60000000	8068.267
39000000	60000000	8621.021
40000000	60000000	10526.817
41000000	60000000	11903.498
42000000	60000000	8923.264
43000000	60000000	7280.527
44000000	60000000	7756.486
45000000	60000000	7150.3057
46000000	60000000	5426.3447
47000000	60000000	5016.2085
48000000	60000000	6612.7964
49000000	60000000	11062.663
50000000	60000000	12809.268
51000000	60000000	11591.139
52000000	60000000	9743.302
53000000	60000000	14240.717
54000000	60000000	21300.406
55000000	60000000	25864.346
56000000	60000000	24474.625
57000000	60000000	32648.459
58000000	60000000	96700.836
59000000	60000000	166915.88
60000000	60000000	612326.2
0	61000000	12129.676
1000000	61000000	8133.165
2000000	61000000	8307.059
3000000	61000000	7767.6357
4000000	61000000	4853.03
5000000	61000000	4152.0806
6000000	61000000	1684.7883
7000000	61000000	1124.362
8000000	61000000	1453.5653
9000000	61000000	1360.7212
10000000	61000000	1777.0201
11000000	61000000	1333.1986
12000000	61000000	905.858
13000000	61000000	1954.7498
14000000	61000000	1391.0375
15000000	61000000	1482.7992
16000000	61000000	1699.3373
17000000	61000000	3428.5125
18000000	61000000	3942.2844
19000000	61000000	3333.2031
20000000	61000000	3806.187
21000000	61000000	2879.4407
22000000	61000000	2384.5654
23000000	61000000	4252.5435
24000000	61000000	4050.6233
25000000	61000000	5110.3438
26000000	61000000	926.5193
29000000	61000000	2187.4192
30000000	61000000	11216.626
31000000	61000000	11423.792
32000000	61000000	8274.524
33000000	61000000	7250.293
34000000	61000000	8075.0405
35000000	61000000	8358.257
36000000	61000000	8882.092
37000000	61000000	7885.94
38000000	61000000	4190.31
39000000	61000000	6133.191
40000000	61000000	5682.668
41000000	61000000	4904.6475
42000000	61000000	9102.051
43000000	61000000	10252.465
44000000	61000000	11702.799
45000000	61000000	9150.856
46000000	61000000	8062.6978
47000000	61000000	9092.02
48000000	61000000	11840.209
49000000	61000000	11162.566
50000000	61000000	7270.488
51000000	61000000	4975.643
52000000	61000000	6508.386
53000000	61000000	4147.2817
54000000	61000000	4887.744
55000000	61000000	11667.4375
56000000	61000000	16711.6
57000000	61000000	20349.436
58000000	61000000	19460.32
59000000	61000000	13362.964
60000000	61000000	115685.67
61000000	61000000	808095.25
0	62000000	17590.447
1000000	62000000	8461.166
2000000	62000000	8004.0693
3000000	62000000	6686.818
4000000	62000000	3513.6516
5000000	62000000	3200.0256
6000000	62000000	1150.0195
7000000	62000000	821.6167
8000000	62000000	953.17163
9000000	62000000	915.6743
10000000	62000000	1251.3424
11000000	62000000	973.55994
12000000	62000000	601.74225
13000000	62000000	1262.4684
14000000	62000000	1039.8126
15000000	62000000	1110.0483
16000000	62000000	1182.6199
17000000	62000000	2223.979
18000000	62000000	2585.8083
19000000	62000000	1935.1667
20000000	62000000	2339.6428
21000000	62000000	1710.9113
22000000	62000000	1336.8673
23000000	62000000	2341.122
24000000	62000000	2111.992
25000000	62000000	2936.0144
26000000	62000000	686.4591
29000000	62000000	1318.6658
30000000	62000000	6934.6367
31000000	62000000	7436.421
32000000	62000000	7236.268
33000000	62000000	6905.579
34000000	62000000	7682.819
35000000	62000000	7701.217
36000000	62000000	6576.5625
37000000	62000000	5187.2505
38000000	62000000	2687.8088
39000000	62000000	4086.6978
40000000	62000000	3452.518
41000000	62000000	2940.0679
42000000	62000000	6100.134
43000000	62000000	7511.2646
44000000	62000000	9618.274
45000000	62000000	7229.107
46000000	62000000	6711.5576
47000000	62000000	7908.5605
48000000	62000000	9141.928
49000000	62000000	7105.5586
50000000	62000000	4538.578
51000000	62000000	3333.9595
52000000	62000000	4793.063
53000000	62000000	3044.9016
54000000	62000000	3553.213
55000000	62000000	6291.6855
56000000	62000000	9199.832
57000000	62000000	10733.002
58000000	62000000	8467.053
59000000	62000000	7040.4756
60000000	62000000	25532.535
61000000	62000000	166615.75
62000000	62000000	1006649.56
